import numpy as np

# I found these example using ``real_search.py" (which performs
# exactly the steps from above)
# I chose it so that everything stays real; this will let us
# actually visualize what's going on in this case

# first example (real_example_1.png)
p = np.array([0.43070642, 0.56079585, 0.70710678])
q = np.array([0.43565655, 0.58172984, 0.68687245])
U = np.array([[0.98699345, -0.11835762, 0.10879064],
              [0.12318842, 0.99162498, -0.03878815],
              [-0.10328865, 0.0516854, 0.99330764]])
V = np.array([[0.98003022, -0.19120783, -0.05459244],
              [0.1618626, 0.92656294, -0.33953147],
              [0.11550441, 0.32391462, 0.93900908]])

# second example (real_example_2.png)
p = np.array([0.04364172, 0.70575874, 0.70710678])
q = np.array([0.116186  , 0.70212059, 0.70251512])
U = np.array([[0.29446185, -0.59935809 , 0.74435348],
              [0.68262353 , 0.67701423 , 0.27509426],
              [-0.66881787 , 0.42710843 , 0.6084908 ]])
V = np.array([[0.79910296 , 0.55233356 , 0.23740702],
              [-0.59896922 , 0.69749796 , 0.39336049],
              [0.05167529, -0.45653503 , 0.88820348]])

# third example (real_example_3.png)
p = np.array([0.70034115, 0.09758212, 0.70710678])
q = np.array([0.35502403, 0.64008774, 0.68135572])
U = np.array([[0.80889198, -0.54359245, -0.22405584],
              [0.58522602 , 0.78107075 , 0.21780493],
              [0.05660635, -0.30730397 , 0.94992631]])
V = np.array([[0.56735519, -0.32584398 , 0.75626305],
              [0.76740052 , 0.5423071 , -0.34205184],
              [-0.29867129 , 0.77442154 , 0.55773358]])
