451593 1.1043507231272968e-6 3.5865553183652177e-6 2.214384352462507e-6 259.87588983352515 551.5912732834237 383.5406451974472 1.213804299566339 1.8311552981454102 1.3878146606899575
1415715 3.089712958693617e-7 1.7856930064778225e-6 7.063569486301236e-7 330.56449801072284 690.4283008814397 499.5320094363597 1.451091667630328 2.635210999543263 2.0575558020046683
509686 1.0628206180960813e-6 3.6987402546975125e-6 1.9619933823596323e-6 252.66418280878116 618.7298281976302 391.29003824725544 1.1854677508946456 1.505377854903911 1.3679955734400673
908280 3.3196691190596266e-7 3.5196660370857772e-6 1.1009824976412737e-6 325.03156080263335 761.5781968192264 501.421328137611 1.0369404474535178 2.3634885273162487 1.723445480943163
1043091 1.4245798790390732e-7 2.5845257211568527e-6 9.58689271575019e-7 322.34753716543895 1143.721605181765 579.577643721544 1.0104248418810005 2.753569549488429 1.6432403711864678
1158744 1.1542399725475748e-7 4.641222933949338e-6 8.630042153493127e-7 240.27056612668568 927.7533687400028 451.6739288090036 1.0063053069188503 5.481316077199388 3.060470692472197
566539 2.609581590172148e-7 4.484948198128945e-6 1.7651087434759058e-6 242.18727138003118 586.6924236511903 367.5583922287213 1.0311635760648832 3.1407988340345288 1.7017262331434586
1876792 1.0421343039521732e-7 2.4647255772539102e-6 5.328241184274986e-7 242.20457525489698 868.6413219557184 413.40872867101956 1.274156355825524 4.961159441384902 2.930394313717666
439082 9.475722372387294e-7 4.081313738547026e-6 2.2774820906889146e-6 274.0230550161813 951.2803878189883 459.00201224444686 1.0223496191458759 1.650837694903101 1.2786795597080713
1811983 5.9241131248361223e-8 2.797377488387431e-6 5.518815820507679e-7 246.07929357632173 563.6290076065637 390.8887517048041 1.0465732933337273 5.7696131430057624 2.7698452314079356
1145595 9.573151722689337e-8 1.9026720994555815e-6 8.729091978561658e-7 239.900779440298 476.27969029937276 339.94672857945875 1.637749754259581 5.506063105147751 2.7883253646691872
1059658 2.63131900783849e-7 3.763763882172028e-6 9.437008920799751e-7 272.65343245003737 585.7098441553211 403.6971731039164 1.0735121543522268 3.4439328617386336 2.3471839294771635
832470 2.6800196852126896e-7 3.14235546988465e-6 1.2012450835505648e-6 252.36161218058953 1016.2514605505845 397.8940753823445 1.0962843371013584 3.349938546599193 1.9203372362151783
435194 9.163099726997177e-7 5.035954090202234e-6 2.2978299410456664e-6 259.32195492804794 474.1683039774903 362.6581266344424 1.0340151097256651 1.8850538989282086 1.4170609946217825
276911 2.254820733061507e-6 6.195107677919456e-6 3.6112709447105193e-6 219.30737227197037 381.26120959954864 294.9231937715167 1.037781696124818 1.370217410548163 1.2302772667631454
1101985 1.0196029193002217e-7 3.1240035996710946e-6 9.07453695124438e-7 276.67048385133035 720.7758906342872 422.9110567093806 1.1321161461815188 4.525444462388088 2.354545099210904
455142 1.1699222330707354e-6 3.851326475022591e-6 2.197117101320918e-6 260.48047760510696 529.6751953323243 381.5499915474782 1.1388727916755599 1.6233887150297701 1.3025711043664852
1611492 1.5399846675845418e-7 2.0099675240043874e-6 6.205429667898928e-7 234.45145000353804 630.2813034144721 409.5182327561754 1.4317513292547068 3.5068325685282535 2.3994950609027503
1860675 8.241840581357066e-8 1.2756366269372494e-6 5.374393956657356e-7 288.5513404471377 812.9874583909595 504.3957600609827 2.098036176687955 5.328590613719177 3.186510164933504
2900083 1.7095399014407663e-8 1.5264383131743057e-6 3.4481802499411584e-7 245.33768830114784 685.7704692663559 392.9754654708041 1.4899522182322922 12.706865167249706 5.1835781834915355
804608 2.6221367494038826e-7 3.897534600053912e-6 1.2428413519356099e-6 275.7678469148571 1106.3762964306698 584.7549831541745 1.1240852334723535 2.206973484896116 1.5735797208966602
868293 4.70671796332784e-7 3.530519158115011e-6 1.151686631703494e-6 296.39706622368186 1242.924411126959 563.202918191539 1.0320355364851326 1.9481586701572848 1.5947022864250784
1491506 3.587000475957779e-7 1.1004027206690152e-6 6.704635268091478e-7 425.8178212459836 1268.9332287487998 710.5000137105741 1.4745596185683156 2.236185121921804 1.7761642577823316
971860 2.1246657120287966e-7 3.3665695891321196e-6 1.0289564471832273e-6 268.4441703127835 1325.9289245206644 674.0506867881384 1.077497815584632 2.446789731982745 1.6716824256988394
1004299 6.776733032177082e-8 3.4172916603947742e-6 9.957195748398485e-7 308.0166299862509 658.0074140132949 449.5716974649923 1.040518743905337 5.5843922942284685 2.2601553249799213
684816 7.707376403361227e-7 3.537103545873746e-6 1.4602469087306283e-6 220.46565863176153 636.5266038244696 371.4228915607563 1.051949456430986 2.041754760328188 1.6807298928284768
2281688 1.3041602225275378e-7 1.4174123538062951e-6 4.3827212004467054e-7 255.16690416612647 585.2158217596234 406.9234094361736 1.739914133366904 4.462600558172187 3.08995089367082
1194031 2.10734687164007e-7 3.886837718732356e-6 8.374993054700318e-7 308.6192515683807 969.6483407628266 567.3906734099894 1.0197748080865947 2.9779810405672174 1.9417255908555828
595134 2.8016614905298615e-7 4.058003886231527e-6 1.6802975506267066e-6 250.45029446752815 584.2773068713719 382.50731579098954 1.0102830231120936 2.630627864657369 1.5553968177983089
1656234 1.3279216568579952e-7 2.824442951305452e-6 6.037797453829769e-7 275.8661108575351 693.4495780838743 464.6615392928463 1.06801178214595 3.7226743828231887 2.3546665867348615
511181 8.243844164374285e-7 5.1340722059711135e-6 1.956254547875202e-6 213.5038860334713 516.408719744857 324.02341746572114 1.1875738390797013 1.9901495206069948 1.685373232352278
763671 5.645851380992425e-7 2.656299662634025e-6 1.3094652385789614e-6 280.9178636120493 613.5727307937927 428.7073847264449 1.2955012948323692 1.920993875319807 1.561229150606143
747537 3.54677469275284e-7 4.731415124641129e-6 1.337730853057465e-6 254.73049240144826 572.9295924974789 399.31835679892475 1.0204725406105841 2.574184521043694 1.84008989778908
2018935 4.546507173814115e-8 2.911920739431297e-6 4.953107351924373e-7 321.35283575577034 909.5352945526876 561.0967548451015 1.054714776103275 5.682476442773094 2.7111458227002827
1633643 6.979285300032761e-8 3.0408266264395504e-6 6.121290317799871e-7 303.5891025007202 1304.8373532821179 624.6649072071439 1.0847116901195077 5.336212084582742 3.0502463447854447
1450791 1.531567139998593e-7 3.3117566700909925e-6 6.892792146064477e-7 289.52980923346325 2281.7450018722006 587.4428193693927 1.0882297526109648 3.372335805191367 2.1040880026996653
362836 9.872510642514451e-7 5.301385866760937e-6 2.7560689557977897e-6 262.3255164160602 570.0263018704636 378.9358342565789 1.0884040033248372 1.9759979547367788 1.352854032005036
1793448 1.346503822614295e-7 2.426969287782959e-6 5.575857298083828e-7 379.64570426399 1094.184519752777 625.184344917598 1.1352684171504868 3.9952130616168686 2.4275521749212157
1001743 3.436417212487465e-7 2.297664409850371e-6 9.982605603256064e-7 242.790824519148 502.6453806592268 351.2704033662698 1.5911650113552422 3.0123914412411223 2.191743122046141
1392214 7.997558031302198e-8 4.078993203580308e-6 7.18280857510776e-7 260.3100246907325 614.9851083216113 433.39218315086873 1.0516026351786967 5.18800498259235 3.165711343112837
1006411 1.766152305287293e-7 3.431838881208424e-6 9.93630297803531e-7 249.40530047435783 618.5974438750869 397.521935549225 1.0278458071019068 3.650741118039112 2.195351856292363
981157 3.871527826880161e-7 2.3030872414171783e-6 1.0192052238803073e-6 267.60345052371287 705.670968457102 480.36564061196265 1.1298617370368735 2.157453942386848 1.6405706655852632
609835 4.4882784841309935e-7 4.415118219024607e-6 1.6397879045178687e-6 262.59184248406416 784.4373591667598 409.2976966364498 1.027515818230322 2.6487491436255053 1.6452119430082726
1018641 1.9951867433835434e-7 2.961727250462623e-6 9.817007834919498e-7 274.6452400844238 1263.9497744812973 581.8103075966904 1.1874008320734135 2.290066909715924 1.7307079504153464
322675 1.6128638939182187e-6 5.710257494005683e-6 3.099098524420488e-6 215.81306031257853 356.7264000306248 276.99164293778585 1.0095472156075294 1.4985627153790866 1.2642813857076087
571977 9.82957958456988e-7 2.9588300589092216e-6 1.7483224799612591e-6 326.04142581402755 701.9020878491275 454.7358714707965 1.1805564791692755 1.7138438759729957 1.4864846682892259
2539525 4.480082702101508e-8 2.6258883871047505e-6 3.937745282386236e-7 265.54413937946447 965.886417632271 506.35614200046393 1.163741536428188 7.466986418573057 3.463433798978474
1003379 4.2381622143736715e-7 4.29366496795274e-6 9.966326489289755e-7 223.42741504426212 427.2462199780797 308.715510928028 1.2515706166819356 3.2137424915448998 2.6029135472113336
509209 8.074357309183294e-7 4.237822039867288e-6 1.963830480641876e-6 247.55324857336834 628.0833646743655 401.90239910649694 1.0246642097574121 1.6650199176904554 1.3652137115394483
939678 3.4688636030858875e-7 2.93076348696105e-6 1.0641954167591745e-6 245.81108907572798 502.611608046116 365.18847653939196 1.3153255957545784 3.4151149671707164 2.2740386016511067
1224770 2.6496774787134675e-8 4.667324943613104e-6 8.164808417884706e-7 254.86616286922808 718.3791593366417 448.1187673599889 1.088425722736544 9.931461729155796 3.380386337784307
722124 2.107596106325951e-7 3.7474349609917914e-6 1.3848040280846172e-6 299.1050678685909 656.4334935741213 443.35550724458807 1.0259670727881494 3.2326470950963717 1.8351518744895439
781472 6.693812103155385e-7 2.9824050663923456e-6 1.279637497182469e-6 258.52001014035466 593.8847633219235 390.39625624596965 1.1425753462605983 2.0737809231465225 1.6208169899562148
568370 7.356059851554821e-7 4.332111542543234e-6 1.759417896970358e-6 286.8577549323488 670.4377474352126 474.23541330764914 1.0352722369517182 1.7020645080452421 1.3281672234901543
489752 1.208720131916843e-6 3.921406082697589e-6 2.0418517006747316e-6 245.49514657514234 493.6018568352616 367.4671592137691 1.0133725713136221 1.4413497830571016 1.2546520615231365
512183 1.0016610434794654e-6 3.147583307663324e-6 1.9524285109331576e-6 263.8023126987636 597.3704742777528 420.0854495253642 1.0855471854446792 1.674452618638766 1.2429241298391553
714175 2.3380837967219433e-7 4.690165028957379e-6 1.4002181102354358e-6 263.5237134098487 892.5725494064338 445.0020486415721 1.0381119249493513 3.2741733741455183 1.7680825776227054
690568 6.293378972525556e-7 3.6353642806696765e-6 1.448084970789567e-6 245.10685290784653 534.61809900137 355.4036896325276 1.1755847045043486 2.251032677922251 1.7302677227829761
460481 1.3768120727832156e-6 3.666177213741524e-6 2.1716449651322935e-6 245.14810627215178 449.11209542546385 338.58053553081186 1.1571586822242599 1.4758502766068786 1.3477621340759216
702992 6.134144698833983e-7 2.6675680141500886e-6 1.4224928189392775e-6 271.81101225443047 581.545989921094 407.4451601220127 1.2678736964238848 2.012383410815764 1.5746241933961453
598281 6.955192049609678e-7 3.373639042281843e-6 1.6714556209556227e-6 262.48568241592756 610.8671244456334 405.8020868089749 1.034548667920452 1.9254573258103644 1.507855562670883
941650 2.3384101337125036e-7 2.827570066660358e-6 1.0619678479240641e-6 248.9062754461023 767.9004729279351 418.3202368180503 1.263100715739353 2.6576854585049983 1.9079423364755335
577224 4.5055128166004863e-7 3.1850340851288133e-6 1.7324317454589654e-6 236.40288959930922 965.0718415596908 452.12175319569644 1.1023206012673261 1.8169878786675224 1.311973393143767
675337 8.658804530761677e-7 3.50478834195454e-6 1.4807451423818083e-6 261.85213848259474 687.153876122972 444.74124826093356 1.1406444626789112 1.7825919505895405 1.506158954875449
565834 9.541179205778447e-7 2.9472553787932216e-6 1.7673044739430567e-6 248.04461686782096 502.7608617827456 351.3103666859684 1.4212856246177201 1.857858631468712 1.577513602645222
1004687 3.5351448480971125e-7 2.1537178034223464e-6 9.953362392196126e-7 267.53193086867896 611.6940660693643 433.17127554100483 1.2551406761883375 2.3561922514469584 1.7134750547785287
995587 2.7370951452977704e-7 4.578197770306294e-6 1.0044328434574652e-6 282.07638661571553 903.1212674706784 483.6655057261772 1.0411572891458958 3.1225846120916465 2.1681861152539907
638362 8.443528581009528e-7 3.146922059884315e-6 1.5665102630733393e-6 262.5671037013869 589.6891643689406 388.1067038301012 1.061843351366695 1.8787446398250138 1.4872721673423221
1882265 1.9260878377539486e-8 3.949765170025204e-6 5.312749728862958e-7 247.40048778527586 754.9584788516175 389.348965468652 1.135043001344888 13.336098117074307 5.431217741683539
837048 6.530876977219732e-7 2.38452389136703e-6 1.194675096769227e-6 242.6754215302303 447.52496214586006 339.29192289839455 1.5159429703164353 2.190853748602362 1.8979940811849667
524186 9.52737806625783e-7 3.3954703376383043e-6 1.9077205068980536e-6 268.8139609284931 621.8064796124435 383.67954320822037 1.0769916982515655 1.4160483525271512 1.2760123463883264
675598 8.517221174224476e-7 2.769538999400923e-6 1.4801715344733033e-6 253.9204824875644 571.7583255077465 367.5131812195382 1.0810918083029006 1.8240985934041536 1.5634037029686945
807442 2.5269676900590965e-7 3.80252763820561e-6 1.2384794089346097e-6 296.3041795486595 825.2028950149664 459.1862632640045 1.0527469664723548 3.152638731724583 1.8134529046016101
971658 3.537619360322702e-7 3.106327158590989e-6 1.029169414876942e-6 278.7696855195371 586.5250941649562 396.29571035145705 1.213070266486859 2.882266954564549 2.0573946342693166
2368909 2.1816783820018578e-8 2.3554908671628312e-6 4.2213527399617734e-7 265.70094908785114 888.7627993038532 383.597362821713 1.0449356595771537 12.859692761686246 5.528060342155631
1648786 3.554402289839205e-8 4.530586690995916e-6 6.065074571422806e-7 281.7448970470168 645.3339477119307 463.03113035591014 1.128759799709528 8.710079851668223 3.803105544325599
868990 2.7190895428736193e-7 3.328519962819126e-6 1.1507621428056814e-6 277.85754765147897 688.4734549245709 469.9845152815191 1.239394368691927 2.9832489544205973 1.8745202886671712
3258361 4.540569009528513e-8 2.034947637810871e-6 3.069028888339981e-7 253.32008240104608 645.4780994065484 416.115908586183 1.5220751475518977 8.99810611171354 5.302554491021151
624516 8.727821583128065e-7 3.276735916316897e-6 1.601240274907201e-6 235.23384371141168 555.2756408623801 374.8059233569556 1.135778148229238 1.987027837459496 1.6052987890624268
1317288 1.9780006323540372e-7 2.1072636116091517e-6 7.591354721787268e-7 339.10685632097034 758.385406900648 517.5069672812095 1.4111200527936363 3.676132680803801 2.180847680434405
1332169 1.3615810385079843e-7 3.7416446813160636e-6 7.506557006507342e-7 304.9447255990821 2806.4230997817026 775.72538915202 1.069635740074381 3.470395720415619 2.0300966893530945
3493576 1.9285681963999746e-8 2.8193789541253864e-6 2.862399007931568e-7 272.2407872117941 755.2126565475875 435.0925260218124 1.1787733037436003 11.106200009510678 5.972801285126944
1168046 1.2570665039110095e-7 3.921976815622054e-6 8.561312999581245e-7 230.15781196374257 382.38796525133455 306.5022311444795 1.1294285422128945 5.318151410750676 2.9117295779119714
1428586 1.586508864505065e-7 2.559410442939137e-6 6.999937505237968e-7 246.97815458657723 524.059532857844 358.7116875692893 1.279636450384245 3.9953490248510914 2.461663303104246
1257246 1.5848381518722673e-7 2.968926770220298e-6 7.953909313918e-7 231.25730467336493 714.5584053766657 462.2261112738392 1.0508592977436393 3.1866874431650096 2.302723488933344
1036038 1.549521627496098e-7 2.044832113376018e-6 9.652166704578323e-7 265.6114811779666 636.0663460912554 419.50774222114546 1.622904668969381 4.3301912133894795 2.1686211482113817
1076635 9.578213573070884e-8 2.4597193151287e-6 9.288201716255911e-7 309.18784510971 838.2311011216996 516.5486738160697 1.0118449519561847 4.423958160843 2.1980065532108743
1460365 1.6292635208946295e-7 2.90166328176419e-6 6.847607609722769e-7 275.5431313379301 1692.352940561922 590.1362140244571 1.0538156022079896 3.526448100418404 2.319621431317539
935873 3.807201363374852e-7 2.9867850187486107e-6 1.0685212127865994e-6 208.33500436605593 935.8847104963825 382.8690464530861 1.1217200233679838 2.759643856307434 1.953344237633739
1337646 2.4012918856914943e-7 3.261401554119269e-6 7.475820508424329e-7 268.2238255060394 755.0068555240757 406.9494608408624 1.0532149990481265 3.2127314677782355 2.335312260460366
877509 4.576153745725385e-7 3.0280308632153767e-6 1.1395899717759442e-6 275.5393956232988 526.9593969916286 388.93530100221784 1.1870273145515566 2.3874974610445565 1.7896515225261254
442932 1.0630291437638238e-6 3.656538474676124e-6 2.257684490478958e-6 267.01095652390995 1077.1226450290717 488.14304948941486 1.0443112445938825 1.5686493268264188 1.1582119945280818
2203854 5.11287267854745e-8 2.5067152879798606e-6 4.537505861847975e-7 237.51534879501295 627.2549068087991 372.97648721969927 1.1921598499535124 8.337962220096891 4.478806697653315
891077 1.409556517668547e-7 2.979488207278703e-6 1.1222382511975024e-6 285.9538152361883 694.8011768419949 466.03093784655965 1.086167431548965 3.7131450648644755 1.7907046440370396
613377 2.1869448307335675e-7 6.334517640829976e-6 1.630321201049103e-6 230.01898499742046 427.3083754886754 300.0430762923279 1.1058261491181292 4.921998276028664 2.599003788552128
586444 9.75186859777268e-7 3.5925461623897417e-6 1.705195203014115e-6 253.17772600801987 587.3872398733046 369.21149249922644 1.1883686112180785 1.8094165728091098 1.5568166188423642
407323 1.0643555041315394e-6 4.082365283027344e-6 2.455056384262362e-6 288.7829144288048 571.0121087224942 418.7960964758083 1.0065980854973569 1.7266019422839152 1.230808266686933
1099397 1.711245411422343e-7 2.541451886813105e-6 9.095898946758288e-7 250.4277987746475 753.3581500230729 400.7205320155156 1.3063281353033096 3.509232244252845 2.167746027575203
586965 9.29178059976131e-7 3.403949361493703e-6 1.7036798205987383e-6 264.18484136760003 468.73026877753426 351.4802484044169 1.157153435030861 1.747552831635329 1.4948554254487312
1262600 1.9615159574443543e-7 3.487469982710847e-6 7.920170562534013e-7 236.2322657293847 1595.013926175886 595.9202819451975 1.041776288975736 2.8990338759678465 1.9479845138923402
