(1,3,3) 61528.55 52952.0 2.1514735620606785e-5 1.8885321696269656e-5 149.95 123.57 1.0 1.0
(1,3,4) 54899.38 51467.0 2.219042281659428e-5 1.9430025656044643e-5 130.16 117.07 1.0 1.0
(1,3,5) 56374.64 53673.5 2.1400003577638208e-5 1.86326621258662e-5 131.83 113.45 1.0 1.0
(1,4,3) 97071.41 81085.0 1.3250173550097232e-5 1.2332849029985118e-5 224.74 176.69 1.0 1.0
(1,4,4) 83914.85 76929.0 1.3985174859668338e-5 1.2999146816461703e-5 197.04 180.01 1.0 1.0
(1,4,5) 80915.47 71980.0 1.45365423027185e-5 1.3893480550209201e-5 184.72 161.76 1.0 1.0
(1,5,3) 125481.88 111208.0 1.0317450249275678e-5 8.992324116861315e-6 299.67 258.43 1.0 1.0
(1,5,4) 111410.14 106683.0 1.0270167389280307e-5 9.373660452258665e-6 258.62 226.72 1.0 1.0
(1,5,5) 97942.53 93317.0 1.181447085925718e-5 1.0716214464270223e-5 233.64 218.07 1.0 1.0
(2,3,3) 1.39574415e6 1.1009105e6 1.0484835543100795e-6 9.084159449078934e-7 564.03 517.7 2.16 1.85
(2,3,4) 1.14817422e6 992410.0 1.0878922696984985e-6 1.0076494719783746e-6 462.78 438.45 2.22 1.89
(2,3,5) 1.06738219e6 940664.0 1.2304519689304233e-6 1.0630816323416193e-6 436.54 411.46 2.17 1.86
(2,4,3) 2.09055635e6 1.649162e6 6.678002201719362e-7 6.064083530502834e-7 841.3 727.02 2.2 1.84
(2,4,4) 1.78290513e6 1.514096e6 7.329521486184793e-7 6.604620437434666e-7 692.11 651.06 2.23 1.95
(2,4,5) 1.60839066e6 1.426302e6 7.912289853276888e-7 7.012470157351236e-7 638.61 611.3 2.42 2.08
(2,5,3) 2.45300403e6 2.022261e6 5.346921047620314e-7 4.945053066535783e-7 1076.57 964.33 2.41 1.86
(2,5,4) 2.20664452e6 1.9461525e6 5.935137941397961e-7 5.138346676351529e-7 897.68 841.07 2.25 1.9
(2,5,5) 1.97288294e6 1.750098e6 6.364006001169523e-7 5.714014501861146e-7 829.07 794.39 2.14 1.87
