3634063 5.588104604584779e-8 1.399071031336265e-6 2.7517425051732453e-7 414.2861418376445 988.639127306344 639.7949060948812 1.386949979537454 5.167083717471239 3.8081369006907715
3198119 4.319180740241946e-8 1.7480833285618e-6 3.126839976750746e-7 442.68994416726645 1306.5613482789843 801.0629836489101 1.0827959532286624 4.378964069156721 2.5203590568532013
2930675 9.618414208962856e-9 2.1026828494330186e-6 3.412184392295396e-7 347.42957411107443 948.5180496816699 625.6481433378943 1.0799214906204964 13.647660876887453 4.4795590310551905
1358736 5.8666877062702066e-8 2.115594939324e-6 7.359790502170585e-7 413.4307497404237 1043.5380521043649 661.1592371443619 1.1913083908107929 5.150284733944608 2.1726978478050736
2088687 6.370100979007008e-8 2.78162477335692e-6 4.787700821691872e-7 364.21602570331913 843.0534768165362 589.176253252495 1.0779809980609045 5.214701103892535 3.19164639901072
809507 5.281945301495004e-7 2.524880147432269e-6 1.2353208236245702e-6 405.80883625102484 1009.7293246984646 687.415785304544 1.0014499056079338 1.6036820432920433 1.2585073000488292
1124766 3.889690231708195e-7 2.8709590269441897e-6 8.890752621630591e-7 378.5818639427094 1268.5380251509316 732.5917647043764 1.1181318748042064 2.092935355686641 1.692260716606741
1672104 4.832738262699763e-8 1.8782988377606277e-6 5.98048925403396e-7 335.7345697051316 1069.9791907797237 540.010338774078 1.2546362819302295 7.115381660258863 3.222859950957026
1547826 6.705378914906262e-8 2.2048508174022607e-6 6.460682048372366e-7 329.39942406719945 717.6990204685943 497.0920931040496 1.185752609835283 5.174802599212934 2.3556233902089287
844766 5.772075545988098e-7 2.892898839133036e-6 1.1837604449898366e-6 408.82294614531935 1033.0162218871008 727.352010202415 1.0158484629315234 1.5020972125244247 1.2602314811805437
1378176 3.095077799968278e-8 1.8221162330180183e-6 7.255973364263231e-7 429.7725637992033 2312.7124627346307 863.7684688967645 1.1447669995305054 4.376175675416112 1.713280549905123
1405513 1.0853068832922311e-7 2.726191913503111e-6 7.11484386393114e-7 387.8697992077959 898.0922575120737 585.7240835588874 1.104784683948487 4.200524588693292 2.305009697157812
6680576 1.5749694410697213e-8 1.4018278143103969e-6 1.4968771014785356e-7 525.5152663000939 2100.12191719006 955.0330346181977 1.208106031043873 8.02262137095203 3.760730794137871
995861 3.7891357292798503e-7 2.2921533447581076e-6 1.0041568387825036e-6 384.4971741778949 1131.596852611501 647.29351113301 1.1864265324092507 1.8617845194610765 1.5443256696954715
1814442 1.6646564726950936e-7 1.3667792345602804e-6 5.51133795063976e-7 455.29947722744186 2286.6235198234117 726.0237467778978 1.10038387937584 3.53632931455304 2.23971857447659
1971267 3.1436507633816653e-7 1.036119719271095e-6 5.072880008463504e-7 467.37091207653174 999.0242226102216 704.4214738796763 1.4378209545065468 2.24329668827748 1.9661444329032711
1203759 4.3480208835564177e-7 1.8635117369071012e-6 8.307311560854939e-7 420.51900284254674 1014.7689351567768 690.9310506518858 1.1426146022512953 1.8967130092019422 1.5884537080417802
826105 4.958024571239271e-7 2.4825474298504973e-6 1.2104999297843592e-6 393.08985590986043 893.0206626667242 576.7212257179355 1.2154657613085702 1.836060199974623 1.4972111157459598
2309737 9.742895025806907e-8 2.2290036023205324e-6 4.3294974541151147e-7 424.1042869595155 921.7457907262622 655.3421129418598 1.0556559787878088 3.750326048526196 2.3553350369957142
607517 7.832762037167174e-7 3.0821577194472448e-6 1.6460448259630403e-6 367.6765575371733 691.6850959057019 525.7516587232291 1.0792561314367435 1.6483822369267485 1.294715166039347
2904547 1.074122371896118e-7 1.5796904949190252e-6 3.4428786786150087e-7 406.6896341276411 926.3056300044815 621.2074885257668 1.2137418525218366 3.6987388277763595 2.722560284465956
1103472 2.926368211969424e-7 1.5848723848613182e-6 9.0623071031158e-7 379.4646895834989 1379.0149801636855 697.2232259599679 1.0815470362584376 1.7572502965923227 1.445695688040535
1329346 2.1929849307256507e-7 1.490872348143168e-6 7.522496764234465e-7 477.8885745687196 1616.3368128980176 871.6562179906587 1.330393810494733 1.9667610980805348 1.5299835793818763
2803602 2.1233200062617066e-8 1.4858144778682966e-6 3.566841404080768e-7 350.7196909327107 1006.9903505832344 536.9650562855579 1.3013740084408747 9.368580660424357 3.9395907043620326
1717392 7.784468614940205e-8 1.479560611309458e-6 5.822783116208213e-7 412.03476535731176 2035.758619526999 944.4561042926869 1.162478667404682 2.7516466515101605 1.6467121852763893
3152152 1.906719206372201e-8 2.683579329356067e-6 3.172436039122401e-7 390.32312608409654 1495.4687101762072 608.2002585609788 1.0491958107865662 10.253581514799341 4.7612912151046585
1768740 2.6335877793073696e-7 1.4110139899389667e-6 5.653744414692097e-7 440.272659917517 1583.5517105937527 785.2725747423943 1.1728626959895965 1.9488193438578376 1.7704741557336607
831611 6.117354966610642e-7 2.3718602017614166e-6 1.202486849775424e-6 355.6459451559029 1209.3633212599284 638.7570818856075 1.0874905165718407 1.7503466706180533 1.3645013396180525
861065 6.116101178583813e-7 2.2122042386517856e-6 1.1613525599376866e-6 396.85113177239725 918.762340830589 579.5056410674161 1.050105344980477 1.6429074409235063 1.3988521075416906
825915 5.760047251923981e-7 2.9268699673095616e-6 1.2107798347801197e-6 437.33329243896395 940.963072085008 674.559091953061 1.003778569542994 1.5760473509064146 1.320746020369114
1516430 3.0188869395335086e-7 1.8769581967590052e-6 6.59443997968346e-7 388.94394841597216 1082.0326474019823 654.5827953866475 1.2561218656003599 2.2235776116447012 1.9173395070590473
1296685 1.8931692966981476e-7 2.3065379959997857e-6 7.711979052542709e-7 398.26657968431977 880.4080520111664 612.2144909443768 1.066612505654718 2.7647846610852294 1.7787875448980686
1254097 1.230524490404674e-7 2.8005605219805577e-6 7.973865415810913e-7 353.56255201359176 856.3756227186518 588.2661552093547 1.0257555885401441 3.768999409732362 2.213122754676131
3421908 6.202175882257465e-8 1.7974254638424222e-6 2.9223489740954715e-7 439.0323334022544 1584.6819193526553 846.771418197104 1.1875463176171577 4.564685331558654 3.1439686348530707
1723305 6.870666900254839e-8 2.441557870432569e-6 5.802803361134122e-7 344.8286957995473 799.2096166923947 602.5254154261387 1.1796165947698747 5.3617775150533715 3.238978095914565
767546 1.4298976711304945e-7 3.4575039755879934e-6 1.3028542311007598e-6 412.6233593721847 1046.1665046638611 681.1295708783277 1.0502094916198443 3.3863707349977243 1.6573775615464967
1814383 2.94533195016065e-7 1.154858166875432e-6 5.51151628626079e-7 650.0246096510006 3199.0973324062984 1231.4373584739653 1.0787183670078182 1.7552882169105088 1.4931960224894747
3021563 5.843637652167253e-9 2.1516862887737014e-6 3.3095477243802015e-7 406.453619869201 1155.06253373927 670.7247960451773 1.158464630155978 16.999795710510078 4.618750308518199
1341706 4.1514282986674846e-8 1.8412890063006213e-6 7.453202034340291e-7 345.9883177454724 968.7952749408644 620.8847812349185 1.1848979146126675 5.574444418550356 2.0612705159394875
1204284 4.3057683912244646e-8 2.6739905706698015e-6 8.303699166593769e-7 438.84973778247877 994.6327254380843 679.8969297355909 1.0375246029776124 5.903015935354089 2.3565773352449275
1427736 3.544470299672027e-7 1.731346544060187e-6 7.004096959946557e-7 398.58219094439306 1424.1690258548222 831.9182203437554 1.0740199820699046 2.012318158278981 1.658567168736326
1992383 4.307555555592459e-8 2.669455320892785e-6 5.019117454682355e-7 360.0403613465565 798.1879842109158 521.3889538990557 1.0120481407086108 6.358562733013019 2.809122271619907
8665863 4.483343338931276e-8 1.4403289600784778e-6 1.1539535234806814e-7 513.128821957659 1047.9494275216139 758.0863557496398 1.2270129696774914 5.242176041799207 4.276636494383026
716189 4.826227809190463e-7 2.9655835214265695e-6 1.3962814056915902e-6 365.40337502781233 1062.679299044193 656.9359917871885 1.143602679420689 1.6932871926499606 1.318487412916731
934123 1.2918039838634571e-7 3.1666083938569968e-6 1.0705234129029432e-6 369.5425337534476 1083.0281577741912 691.4631915314874 1.035282484200696 3.1239238369832 1.6509996513820637
2293196 3.5037539238730255e-8 1.3128516377081165e-6 4.360727438212984e-7 505.8429257171697 1468.5504695240288 917.5163620174455 1.2158818122145596 4.896803189837846 2.264928931580709
3076893 4.4899631560002284e-8 1.6646989920545748e-6 3.250032002450325e-7 360.3473207306668 1268.4782685451864 636.5786858685101 1.097325703286866 5.213038729848763 3.167880018790233
946984 3.906435495046795e-7 2.6544726626626384e-6 1.0559844023371133e-6 372.48512479755715 759.2771449336688 532.5188849303698 1.0095911966454263 2.215251441455262 1.541664045401571
2752138 2.2886019508245636e-8 1.6065104858698169e-6 3.6335417809242304e-7 380.06243531883916 1277.9043112648985 636.2229655236978 1.0537605249463224 8.380290194761129 4.263646203453422
1791532 1.0803929996254661e-7 1.6620700566151165e-6 5.581816770001976e-7 463.0311081181608 1350.5396556357177 839.0756320295642 1.2156841405398913 3.565698346996362 1.888447488867935
1688458 1.518094160997959e-7 1.531318909005699e-6 5.922565487727863e-7 460.31215080513545 1879.240541329348 1059.3752190464277 1.1365125865199521 2.452780921283331 1.6861304429704478
3527955 4.563489464823408e-9 1.2317269005888941e-6 2.834505001736126e-7 350.9496747281888 2057.6212295876066 857.3023899460634 1.147302248878569 14.36979430866082 3.8139943959758105
858110 2.2823029049641959e-7 3.309526278697289e-6 1.1653518658996647e-6 376.6191449564517 1109.2104261410234 597.5944300488763 1.0171985295151145 2.777793529858279 1.5444945074679515
1814806 9.163943131737523e-8 2.3977715484765364e-6 5.510231010049313e-7 353.08676936713067 774.8669860458305 530.2463884441764 1.2385304956027254 4.535657320196438 2.8044827706697357
1524924 1.3273855803606668e-7 1.7710105744353922e-6 6.557710686470478e-7 317.8756000092657 1576.439096136908 697.8708515687894 1.0473558049330443 3.1371871068464716 2.030607533499966
777706 6.070278083192286e-7 2.7759451291631276e-6 1.2858337252045062e-6 384.75911209774955 742.672627789962 526.1712480606159 1.004521464257595 1.8741721126877655 1.3883231306650519
588861 6.659667681519989e-7 2.9090474670275315e-6 1.698193810589959e-6 393.6877893622555 1029.7262100792343 641.451760737974 1.0800441184744547 1.4417868572512027 1.1490418671955624
2352181 9.717179346520548e-8 1.1114838194735053e-6 4.2513756230555825e-7 554.6273241654669 1286.9368444219613 857.5373607121696 1.381564562705206 3.3412959234823583 2.0203938314921093
1049390 2.829424268988333e-7 2.803476527985094e-6 9.529353715581313e-7 345.1495843573306 904.0362858986084 599.6643112380342 1.2088478632163577 2.802502190151418 1.9084299046013058
963128 3.4647934078662955e-7 2.9154725410028093e-6 1.0382843365806733e-6 341.6122998790488 749.9088507020437 496.2294984270309 1.0223975307531894 2.6173093002929235 1.8335738353581457
1376103 1.4080567388419435e-7 2.552582046091826e-6 7.266899525852675e-7 372.33882306082 1669.5686244967656 684.4408669594101 1.0100810215834755 3.6229650257704815 2.0255007076463243
1270312 1.2834565347395735e-7 1.9003833996802148e-6 7.87208386701385e-7 325.3891305159015 1467.5153260819204 726.8666489163197 1.0061731679871915 2.6444295010463668 1.707822613498626
1604352 2.706196311431906e-7 2.3083840935195493e-6 6.233047248353121e-7 394.89768406458893 851.6482042499717 581.9481598534749 1.0687047613274108 2.4111103923981427 1.973688673661957
1928170 1.2432334268721145e-7 2.2287206619265277e-6 5.18626839265171e-7 357.8860750010339 2129.778850047313 951.2220868240659 1.074687779416999 3.1850075351734732 2.062918668727581
2930108 2.8797890530109937e-8 1.348416236070493e-6 3.4128442939450387e-7 467.21860233993937 1077.5578107505785 684.9488845581637 1.2899798929211725 7.18155153874369 3.406887795958669
1451071 1.8052965894466892e-7 2.2915569926436435e-6 6.891465019280474e-7 374.65627829513556 701.1070104365203 527.8747929004152 1.1890551227114707 3.4455007169098986 2.248038923492304
1081613 4.086241947315669e-7 2.590420624883845e-6 9.245458665693272e-7 375.38976040866214 900.1935448731979 576.8216529648784 1.088012784746119 2.1270029630133713 1.7416809757257263
1536302 5.6511292402037964e-8 2.4734384373179146e-6 6.509137415683999e-7 423.09022151471106 1128.1366730098723 683.2750711815991 1.1072856813352145 5.264889401072604 2.5526761735468053
2361118 1.2227396595415925e-7 1.765992671554582e-6 4.2352818709727074e-7 427.466320002839 1862.0043322714862 749.9451909184954 1.1157257942145613 2.951336912611136 2.14364659385541
1669199 4.052701706429279e-8 2.1895143891648135e-6 5.990904053180425e-7 393.3077763363755 1171.5863827722178 724.6293593276985 1.0609422484982984 5.53198732529316 2.64324321105907
853724 5.478534643993622e-7 2.017946034848093e-6 1.171338859824144e-6 383.7357250905968 999.8447091409605 641.8332289109653 1.160456911856521 1.6735835223771165 1.3393986383987713
2999060 5.53555114403566e-8 1.0226003222203252e-6 3.3343784752329544e-7 479.7707500266808 1464.7857210171123 879.2731095774488 1.8153289697088422 4.842221948624014 2.876037727737548
1777770 4.60384700024321e-8 3.214930354289753e-6 5.625028248511492e-7 365.9440838286384 740.315027829196 537.4110191551034 1.0711636299146672 7.219102491133337 3.6293286761586807
1328740 2.1490890286939011e-7 2.514733496702288e-6 7.525931276552767e-7 342.5235093981772 978.9610462834667 564.776283482207 1.0798725569010656 2.784843302359847 1.9359094120764166
2855645 1.7833489425140875e-7 8.540202767794226e-7 3.501837479667914e-7 512.1195650963142 1044.6431818996077 775.3431423077491 1.5551324910967794 2.6391864932892815 2.2263235381498085
1011055 5.828144053035245e-7 2.064344678758347e-6 9.89066035578967e-7 403.9671523738152 995.0298801928554 632.0757066824004 1.089611139819491 1.6729747794459506 1.3573139779885346
726025 5.580400196935453e-7 3.564274324361868e-6 1.3773634863062128e-6 370.030710529128 980.4655230142414 621.3503898159465 1.0217352973524394 1.6914203007043263 1.3796532666443357
1923064 1.4506841235972403e-8 3.0809050182451942e-6 5.200035754113498e-7 338.1521467959251 805.4527661384128 524.1724182276851 1.0358970151679985 10.111959783051466 3.341387648299947
1511762 1.3364727053091525e-7 1.959518304743115e-6 6.614800895185872e-7 361.60415079579053 738.0418426102268 525.1473453828796 1.119451715822743 3.597488070187826 2.1236261860253225
1887028 1.0356645928593527e-7 2.418338190635119e-6 5.29933903454425e-7 449.11968451072084 1662.286492205507 971.585005095973 1.2003820780120293 3.0787720647018593 2.2559517010930534
5975398 2.7445504555910328e-8 1.2060343124030178e-6 1.6735296250485008e-7 580.2815594369551 2253.036173723569 1159.144112143831 1.0058478288634756 5.657186989507914 3.4436768856260516
875200 5.251791123629856e-7 2.689651141745224e-6 1.1425975280349588e-6 432.7206985750454 926.6713960104554 647.528111968201 1.0303838045975942 1.760521761403379 1.4426852452817178
1754390 1.2945577482878923e-7 1.8023596130501283e-6 5.699988974484312e-7 486.38001286181304 1364.588946819345 816.1973579569693 1.044539404004941 2.6177088851181507 1.763822725478692
1616573 9.541737625406352e-8 1.7443881011094416e-6 6.18592740299525e-7 336.2690293188303 1037.841860571813 642.791104197986 1.4366369368649772 3.9853979811911024 2.35859542518603
1341507 1.4246635523233155e-7 2.1043970893383164e-6 7.454304517465401e-7 412.98349955522866 952.8687112211192 635.9180288598759 1.0444057134938771 3.5326581786996454 1.9040424684498654
1915212 6.094610042900363e-8 1.8139907823685395e-6 5.221354239594187e-7 358.25833109138233 997.8734017800602 601.0534663069784 1.2063294658046595 5.192193213724381 2.8131384509497255
984490 1.2477102748641231e-7 2.173829171119431e-6 1.015754963230106e-6 336.4307414092737 1158.8644620068037 565.9456186208354 1.118619931244805 2.8422422224387303 1.5725621495110649
802804 6.927616875364995e-7 2.9628662368210375e-6 1.2456345038930598e-6 351.2736967917068 1019.6636061096418 517.4239534894197 1.072619317998907 1.828699061544805 1.5746373139976488
1735697 1.0996830522721278e-7 1.6767132605057437e-6 5.761375378677917e-7 490.8823250967841 2741.6382968311796 1106.5468592242091 1.0382697436052648 3.3899394204221807 1.8890743428041177
1951593 1.456660148744213e-7 1.3037126163772932e-6 5.124019253389793e-7 378.513117990314 1122.8492615846576 724.6947912586979 1.4456484992096184 3.381766505457024 2.2695742325240498
962066 3.134791862769935e-7 2.5907602509888083e-6 1.0394311851117214e-6 382.90010460368626 837.709308560557 609.1368479176267 1.108760830476033 2.199021634367111 1.4833297187099692
1307021 2.6439579883953296e-7 2.2330954471238497e-6 7.650988023888017e-7 422.2662708935976 1343.3528149283777 748.0242251429006 1.2137376634251047 2.04067648143339 1.6471935107202402
903553 6.155771639460278e-8 2.828561956610143e-6 1.1067430642808004e-6 404.95270228595274 980.9775180713885 635.5873698797765 1.0134795838554942 4.6375713702347 1.7852893547307955
719535 4.2211177076358895e-7 2.9198922129662574e-6 1.3897869642916628e-6 346.6316247635121 1063.0066880770003 598.8178185480002 1.1532328529033948 2.1140978929989607 1.6224897185995595
1317119 2.4965172356381182e-8 2.051356036744292e-6 7.592332024583054e-7 351.5891590588663 1213.9739242641 682.6522529667749 1.1686002417722203 6.864816684092699 2.4890978981309333
1421950 1.4757825464730112e-7 1.4095031947880769e-6 7.032597679881122e-7 427.2328540339541 1637.477078194476 687.1268668746218 1.1951348213718513 3.46746137069907 1.8186973238721054
1750371 7.780049903149224e-8 2.8109213971885606e-6 5.713075119199828e-7 342.4670069363884 739.935893054743 494.697727221329 1.1025865693183368 5.898746241205514 3.0829487284179784
1848012 1.5586543400688975e-7 1.8547367520871117e-6 5.411220831181063e-7 665.035612479685 2795.4643068418236 1144.3551052890236 1.0052608034640045 2.8043777760651047 1.710452465285743
891414 3.6682296784274676e-7 2.3406322253801454e-6 1.1218139024461511e-6 367.6586975343458 946.453618333397 597.0450108594492 1.0076251503893325 2.381281401982415 1.64250392365809
1329880 3.158816283207849e-7 1.4974370301608697e-6 7.51947572713416e-7 372.73368634657345 820.1462991539051 567.8416900427856 1.4248533758419262 2.235331602830862 1.7848351838274625
