56795 1.3542775096075613e-5 2.560611457946681e-5 1.7607360713131896e-5 76.78256031325479 145.17726412334463 112.27314006592646 0.9999999999999996 1.0000000000000004 1.0
31294 2.5206340796983314e-5 4.773662008183101e-5 3.195518685392237e-5 71.9412370746945 136.24474611811303 108.02164585785786 0.9999999999999996 1.0000000000000004 1.0
56370 1.3414394580541745e-5 2.6225543598001743e-5 1.774009127131891e-5 83.06812498659967 162.40067491382447 123.54583990678094 0.9999999999999996 1.0000000000000004 1.0
71413 1.0626757121731533e-5 2.1038173726276272e-5 1.4003104250242748e-5 135.92481466303968 269.0952500217665 205.67913954345806 0.9999999999999996 1.0000000000000004 1.0
54143 1.3853274879196662e-5 2.6774166000501212e-5 1.8469791388019663e-5 88.85857912840218 171.7366015544242 129.62009904251966 0.9999999999999996 1.0000000000000004 1.0
21811 3.6896314162268656e-5 6.22274343564833e-5 4.5850413385161785e-5 73.28587815838142 123.60020982858812 99.91243734593515 0.9999999999999996 1.0000000000000004 1.0
52866 1.4690837874243768e-5 2.5398562778625744e-5 1.8915996416723156e-5 74.14352200791781 128.1845810611029 99.99362943983544 0.9999999999999996 1.0000000000000004 1.0
71977 1.0427376614247682e-5 2.012959151974077e-5 1.3893416684944931e-5 84.78946833718662 163.68233602222315 123.5888425429931 0.9999999999999996 1.0000000000000004 1.0000000000000002
50014 1.5323757358608325e-5 3.045888909227806e-5 1.999473287401066e-5 94.45136919835882 187.74010261983767 144.83457974547161 0.9999999999999996 1.0000000000000004 1.0
26923 2.872251147088987e-5 5.151961644274665e-5 3.714344822316486e-5 74.52193996075604 133.67012725327666 103.86991082708492 0.9999999999999996 1.0000000000000004 1.0
30120 2.5446418732336192e-5 4.8852309332017174e-5 3.3200672688834676e-5 68.80865351292202 132.09959568342944 101.71847458413667 0.9999999999999996 1.0000000000000004 1.0
57508 1.3094017937666401e-5 2.6404246982359474e-5 1.7389136455852334e-5 155.10264721996117 312.76638112987763 237.20177108694875 0.9999999999999996 1.0000000000000004 1.0
57330 1.286445493457606e-5 2.617339301539728e-5 1.7442892024773298e-5 106.55889791618772 216.7995401773228 160.98776860905886 0.9999999999999996 1.0000000000000004 1.0
25882 3.12519179414901e-5 4.9753267561804346e-5 3.863691408801368e-5 71.43780622666749 113.72947714370743 92.30244966116884 0.9999999999999996 1.0000000000000004 1.0
31861 2.420348275572167e-5 4.4103665036789955e-5 3.1386351016275976e-5 77.79055043502667 141.7501941369527 109.89200215955563 0.9999999999999996 1.0000000000000004 1.0
42100 1.8807856730385963e-5 3.3512799206313766e-5 2.3753165389445843e-5 68.67564062032498 122.36976214071179 97.29437493746242 0.9999999999999996 1.0000000000000004 1.0
68936 1.0257077493230154e-5 2.1829254058924662e-5 1.4506358403498441e-5 115.39369917164724 245.5824651495095 174.85077221978287 0.9999999999999996 1.0000000000000004 1.0
107597 6.946629594165241e-6 1.4369607927769934e-5 9.29395976712025e-6 127.09299131922543 262.90108474456497 197.89056620779425 0.9999999999999996 1.0000000000000004 1.0
57729 1.3783791079619193e-5 2.3457197029914413e-5 1.7322539012043578e-5 70.8047885066302 120.4952879122809 96.25907195859253 0.9999999999999996 1.0000000000000004 0.9999999999999999
92797 7.771326300587462e-6 1.6683529218597838e-5 1.0776330495607333e-5 120.51852927300848 258.72989072105787 187.89342602592774 0.9999999999999996 1.0000000000000004 1.0
88031 8.178545385791276e-6 1.6651146232262092e-5 1.1359701424093237e-5 98.65090566273605 200.84875471732605 145.56707144452383 0.9999999999999996 1.0000000000000004 1.0
28047 2.657098413527501e-5 4.9225370659904724e-5 3.565547462019717e-5 82.95641290382127 153.68494268096998 115.17530997059562 0.9999999999999996 1.0000000000000004 1.0
182129 3.9929088430682636e-6 8.781081134434521e-6 5.490628718149696e-6 216.67361598784527 476.50188783637344 349.0356970866782 0.9999999999999996 1.0000000000000004 1.0000000000000002
44438 1.7366016437182944e-5 3.115441325483841e-5 2.250336385060032e-5 82.85239167395929 148.63613994027617 115.34216180675593 0.9999999999999996 1.0000000000000004 1.0000000000000002
50191 1.49286763646778e-5 2.890183747222195e-5 1.9924008714763338e-5 117.00188700921761 226.51502649522845 170.8951137044571 0.9999999999999996 1.0000000000000004 1.0
90354 8.069545509416744e-6 1.6971907713214923e-5 1.1067586977969606e-5 143.5898028018778 301.998777857855 221.7566926992199 0.9999999999999996 1.0000000000000004 1.0
39603 1.9546347750788945e-5 3.476934614430042e-5 2.5251038714295925e-5 72.65488852201642 129.23964109845448 100.49222911369313 0.9999999999999996 1.0000000000000004 1.0
63080 1.1895859541140426e-5 2.2627482247044105e-5 1.5853058146883015e-5 90.44212587244824 172.03276404586393 129.89669242755045 0.9999999999999996 1.0000000000000004 1.0
34252 2.239512855256026e-5 4.0889813975623396e-5 2.919572622173942e-5 80.00712610855689 146.07982694205748 112.66499507771037 0.9999999999999996 1.0000000000000004 0.9999999999999999
216874 3.3751909523270505e-6 7.296460441983352e-6 4.610983281870758e-6 274.4362458282045 593.2740516951594 437.4154201271325 0.9999999999999996 1.0000000000000004 0.9999999999999999
80244 9.018528455924432e-6 1.8928778508411368e-5 1.2462135021803044e-5 105.90738126883674 222.28652625992027 161.9745989412976 0.9999999999999996 1.0000000000000004 1.0
57616 1.2868341209342049e-5 2.8116401700418446e-5 1.7356556115128107e-5 105.86487557862456 231.30715290425667 172.69598404361903 0.9999999999999996 1.0000000000000004 0.9999999999999999
31677 2.4902160709979646e-5 4.2178480847300374e-5 3.1569267983153276e-5 71.740694214069 121.51208612461866 96.22975502696374 0.9999999999999996 1.0000000000000004 1.0
74442 9.623539274156019e-6 2.0803742621480874e-5 1.3433293113302508e-5 104.28119505029886 225.4304866727032 162.60323650777002 0.9999999999999996 1.0000000000000004 1.0
123152 5.904875046411453e-6 1.2346371803209565e-5 8.120081475427071e-6 188.6792191893926 394.50517976112184 288.96587645297876 0.9999999999999996 1.0000000000000004 1.0
49040 1.6197968902507113e-5 2.817124858707981e-5 2.0391773955917745e-5 69.09941940548967 120.17660566033318 95.8316835673884 0.9999999999999996 1.0000000000000004 1.0
12614 6.55129210612906e-5 0.00010009289481571171 7.928293076051099e-5 71.59938728714889 109.39200732474283 90.66893387014309 0.9999999999999996 1.0000000000000004 1.0
21497 3.724733019232573e-5 6.295929209080085e-5 4.6518534380641446e-5 70.56354334462549 119.27380334259504 95.87774930513086 0.9999999999999996 1.0000000000000004 1.0
55749 1.3723984806667708e-5 2.5612786143793094e-5 1.7937687277780146e-5 74.69064602381596 139.3935923493818 107.19442426413829 0.9999999999999996 1.0000000000000004 1.0
17160 4.8548717071543484e-5 7.449947577039708e-5 5.827650088868396e-5 71.34069044848884 109.47444876202206 91.49571612581072 0.9999999999999996 1.0000000000000004 1.0
89857 8.172878886808345e-6 1.713607454681197e-5 1.112881589464574e-5 95.4888202234061 200.21140217512982 148.01874034705597 0.9999999999999996 1.0000000000000004 1.0
33659 2.311373386855717e-5 4.002250651350947e-5 2.971022156981306e-5 75.0776375307073 130.00042546908517 101.60336066134714 0.9999999999999996 1.0000000000000004 1.0
50423 1.5063963637824566e-5 3.0641765896392396e-5 1.9832262505320475e-5 68.54962472587378 139.4375081908464 106.45174991518984 0.9999999999999996 1.0000000000000004 1.0
47316 1.603128431929452e-5 3.1939296633899695e-5 2.1134943071339765e-5 85.7867062967174 170.91375869108555 130.45323976546027 0.9999999999999996 1.0000000000000004 1.0000000000000002
95073 7.903447337896203e-6 1.6939512621280214e-5 1.0518254178928695e-5 108.95597945708414 233.5260944078758 176.6880858872535 0.9999999999999996 1.0000000000000004 1.0
52236 1.543206352044741e-5 2.552702035069577e-5 1.9144017223056028e-5 72.86349311586756 120.52748934885197 97.55933450685896 0.9999999999999996 1.0000000000000004 1.0
69634 1.0948014908282505e-5 2.0263552012064933e-5 1.436089074296603e-5 77.85052480192962 144.0926205989183 110.43063527639481 0.9999999999999996 1.0000000000000004 1.0
43916 1.7068512791678965e-5 3.3265198755581526e-5 2.277118731305969e-5 90.00487203352974 175.41246819263947 132.32079149192313 0.9999999999999996 1.0000000000000004 1.0
30369 2.6541450864733666e-5 4.302751325202568e-5 3.292869764633557e-5 71.82924968253229 116.44555560844745 94.20297287326908 0.9999999999999996 1.0000000000000004 1.0
65233 1.1622391106488829e-5 2.343945614845051e-5 1.5329861766978922e-5 87.2998840817068 176.06203284241099 134.3421788148345 0.9999999999999996 1.0000000000000004 1.0
41250 1.8288157985810823e-5 3.35974135717572e-5 2.4242441040256463e-5 77.65757309661355 142.66574043871447 108.17964589692976 0.9999999999999996 1.0000000000000004 1.0
55728 1.3817804586168076e-5 2.4826174392799496e-5 1.7944345653629464e-5 79.31988680090795 142.51246138678763 110.32417673751158 0.9999999999999996 1.0000000000000004 1.0
46162 1.6621229615308188e-5 3.0435492844019263e-5 2.1662939031775837e-5 78.35068916845898 143.46964061638081 110.67492482394961 0.9999999999999996 1.0000000000000004 1.0
29021 2.5873665512286143e-5 4.881227565631261e-5 3.445860936388499e-5 80.47774044977642 151.8262516444106 114.63593746532167 0.9999999999999996 1.0000000000000004 1.0
32643 2.3220060867499356e-5 4.298923788572694e-5 3.063488295733289e-5 78.51382230115637 145.3591962347684 110.76935513602959 0.9999999999999996 1.0000000000000004 1.0
35977 2.133616079982062e-5 3.931483543236731e-5 2.7796123927717297e-5 74.25457245021511 136.82434826820136 105.54282768318427 0.9999999999999996 1.0000000000000004 1.0
26373 2.848575286499139e-5 5.0154701099361924e-5 3.7917820651291364e-5 80.17407555863134 141.16203333711792 106.58266182477364 0.9999999999999996 1.0000000000000004 1.0
93546 7.88843872095458e-6 1.6896833144768482e-5 1.0690027307683183e-5 252.01392973533186 539.807365123326 401.25251504766146 0.9999999999999996 1.0000000000000004 1.0
41142 1.8523186200418564e-5 3.83219473896054e-5 2.4306662456397125e-5 81.73052267387494 169.0893108855328 129.66465017176108 0.9999999999999996 1.0000000000000004 1.0
14681 5.416248834671133e-5 9.072021536576035e-5 6.811600528827933e-5 75.97445428381229 127.25447196596647 101.64873162093333 0.9999999999999996 1.0000000000000004 0.9999999999999999
129910 5.6147888070790915e-6 1.2116442986565679e-5 7.697641613260773e-6 177.14703840050674 382.27475062152706 280.84608121657084 0.9999999999999996 1.0000000000000004 1.0000000000000002
48363 1.5636174915754035e-5 2.974431963473744e-5 2.0677100089664616e-5 72.81049663861486 138.50565732677447 105.26075590307681 0.9999999999999996 1.0000000000000004 1.0
75570 9.796675254869258e-6 2.1999243279711135e-5 1.3232939901149028e-5 119.07160917518364 267.3851311596332 199.35720657437497 0.9999999999999996 1.0000000000000004 0.9999999999999999
161496 4.521731656850381e-6 1.0083715752315401e-5 6.1921270752211176e-6 218.41662577162586 487.08135223465297 358.28249323178625 0.9999999999999996 1.0000000000000004 1.0000000000000002
76175 9.60163254295956e-6 2.0778169227187212e-5 1.3127835785963378e-5 101.56682581840744 219.7931117735344 161.86295909550887 0.9999999999999996 1.0000000000000004 1.0
71166 1.0510902984161744e-5 2.097539181411037e-5 1.4051821407177319e-5 90.73035384889373 181.0600596619624 136.30472912469222 0.9999999999999996 1.0000000000000004 1.0
57342 1.3881784768201643e-5 2.373603167427015e-5 1.7439372046816217e-5 72.22274422892261 123.49142226633876 98.72238405989701 0.9999999999999996 1.0000000000000004 1.0
56664 1.292261321723392e-5 2.726663411190536e-5 1.764793465170308e-5 102.82445722765472 216.95896997386498 159.945204085464 0.9999999999999996 1.0000000000000004 0.9999999999999999
50580 1.526667989306439e-5 2.943015371512165e-5 1.977075979148084e-5 73.8226654998267 142.3107321656047 110.47747989770608 0.9999999999999996 1.0000000000000004 0.9999999999999999
48128 1.4782318741661983e-5 3.0162977437760443e-5 2.077819433027565e-5 95.76770568099332 195.4117751216284 139.92872204970377 0.9999999999999996 1.0000000000000004 1.0000000000000002
100491 6.76743734805753e-6 1.6650337562527337e-5 9.951179415957238e-6 147.08962052494982 361.8935363158451 247.89614650176838 0.9999999999999996 1.0000000000000004 1.0
52022 1.5179842889247192e-5 2.5760525884147685e-5 1.922264483779103e-5 71.07456792959682 120.61509860236723 95.61957131280103 0.9999999999999996 1.0000000000000004 1.0
51219 1.512361184805402e-5 2.7327356876971528e-5 1.952414429157225e-5 72.63145580502463 131.24019137883943 102.13661993107685 0.9999999999999996 1.0000000000000004 1.0
64983 1.1396200981403023e-5 2.2317220773244643e-5 1.5388711334757667e-5 83.80258760064417 164.11090431844053 122.26224268539346 0.9999999999999996 1.0000000000000004 1.0
24478 3.335431265593881e-5 5.2505440406902264e-5 4.085455085529142e-5 73.27138897044625 115.3418026269455 94.51661955983512 0.9999999999999996 1.0000000000000004 1.0
117748 6.234095587621775e-6 1.3321952424745633e-5 8.492739882627089e-6 137.07630967756012 292.92526083655986 216.56508781987606 0.9999999999999996 1.0000000000000004 1.0
105484 6.850944690220867e-6 1.5966715584091686e-5 9.480122871863867e-6 121.35982391209407 282.83950306966887 205.85254161086235 0.9999999999999996 1.0000000000000004 1.0
78320 9.60425510632866e-6 1.969274819842879e-5 1.276818682430149e-5 124.62666181519009 255.53688888585162 193.57600167590493 0.9999999999999996 1.0000000000000004 1.0
42584 1.8565864222220743e-5 3.358753077028574e-5 2.348339000137766e-5 70.61644582517745 127.7523102965825 101.46474856390762 0.9999999999999996 1.0000000000000004 1.0
44406 1.820904456629945e-5 2.95987431982732e-5 2.251977061010282e-5 69.77533117889568 113.4195757289155 92.02001332325922 0.9999999999999996 1.0000000000000004 1.0
177145 4.168570408010557e-6 8.97276633429024e-6 5.645124790492221e-6 208.6473665623713 449.10937880083367 334.0518892649356 0.9999999999999996 1.0000000000000004 1.0
100388 7.421884616134168e-6 1.62242574584303e-5 9.961420083976026e-6 128.09915567889246 280.0250595952307 210.11544737704722 0.9999999999999996 1.0000000000000004 1.0
49494 1.581247720667241e-5 2.709972185463492e-5 2.0204803093279224e-5 75.09435123856846 128.69811635590776 101.18066761092224 0.9999999999999996 1.0000000000000004 1.0
46093 1.567432635900855e-5 3.2157957267319324e-5 2.169560674274999e-5 201.24461661625804 412.8799945334965 300.46306285786386 0.9999999999999996 1.0000000000000004 1.0
53038 1.4033387983094743e-5 2.8460852714123004e-5 1.8854646975816155e-5 82.07520590423537 166.45519596092774 124.64810507413122 0.9999999999999996 1.0000000000000004 1.0
75900 9.808408411961136e-6 1.9450102441091632e-5 1.3175398404581122e-5 94.52030199075713 187.43403407235976 140.4434168596528 0.9999999999999996 1.0000000000000004 1.0
41781 1.82313748371722e-5 3.4794281717541215e-5 2.3934398051085977e-5 83.94732695150694 160.2121052017337 122.77567506380917 0.9999999999999996 1.0000000000000004 1.0
74979 9.761106115434843e-6 2.030123779908427e-5 1.333722288243843e-5 106.48110371213637 221.46037365077174 163.19167154485777 0.9999999999999996 1.0000000000000004 1.0
82929 8.840611814351655e-6 1.8450334411385286e-5 1.2058624790267041e-5 121.96648123254036 254.543736675237 187.92034301714045 0.9999999999999996 1.0000000000000004 1.0
70965 1.0402163691268561e-5 2.1276781792410548e-5 1.4091617166984879e-5 126.27348473348427 258.2821671126752 192.0024205584835 0.9999999999999996 1.0000000000000004 1.0
50767 1.4851663309690225e-5 2.861595258895784e-5 1.9697861095876164e-5 95.53160142046512 184.06879552754071 139.68259063656632 0.9999999999999996 1.0000000000000004 1.0
68907 1.0745748922029115e-5 2.356858590021217e-5 1.451241491131665e-5 78.60074991627404 172.39454780346674 128.44045656114412 0.9999999999999996 1.0000000000000004 1.0000000000000002
47845 1.5657020000217637e-5 3.058825153887229e-5 2.0900951776681624e-5 82.95750798350703 162.06948200885282 122.14142986497606 0.9999999999999996 1.0000000000000004 1.0
59839 1.230317301531673e-5 2.5848024606662533e-5 1.6711551951741165e-5 121.64022824707746 255.55680709165122 189.47249824360173 0.9999999999999996 1.0000000000000004 1.0
62082 1.1788980953980103e-5 2.43804621921768e-5 1.6107767426622498e-5 96.76613651076023 200.11934380868718 147.43534213022076 0.9999999999999996 1.0000000000000004 1.0
43635 1.8182328293894327e-5 3.132820323551114e-5 2.29176107157941e-5 73.60943894124242 126.8292721332926 101.0803665616361 0.9999999999999996 1.0000000000000004 1.0
83582 8.935452939681792e-6 1.9310825342407167e-5 1.1964306908103059e-5 106.02884003000787 229.14388614646174 172.32642528316947 0.9999999999999996 1.0000000000000004 1.0
27278 2.8764110598361647e-5 5.272764799412603e-5 3.665982179366703e-5 73.01572259669297 133.84551926088298 105.53535072603097 0.9999999999999996 1.0000000000000004 1.0
19457 4.221417482182524e-5 6.842179641272794e-5 5.139773738540088e-5 69.60902916597443 112.82406542788874 92.9908971788649 0.9999999999999996 1.0000000000000004 1.0
39727 2.012401195736641e-5 3.4043337708195974e-5 2.5172304859740834e-5 70.53359345559815 119.32009118602055 95.76322202518193 0.9999999999999996 1.0000000000000004 1.0
