1941668 9.411674499683952e-8 1.6398070730107072e-6 5.15021203482885e-7 490.39585965769925 3833.5472551891694 1305.0090793553602 1.169199237143605 2.2873502520888196 1.652270980675969
2065342 1.1976534348354852e-7 2.2598935882976344e-6 4.841815249875972e-7 484.59120452184374 2044.490614558724 844.4455429426447 1.0005525862587066 3.318126814274051 2.117181126610915
900266 6.744138373134873e-7 1.6782540824531823e-6 1.1107832648088706e-6 525.4088492592696 994.9493900112444 732.1663376992115 1.1978643858089981 1.4453672468263639 1.295037395023377
1660632 1.514653704340427e-7 1.5355313490114539e-6 6.021806293639934e-7 514.2752704799129 1193.925508593035 850.6137947232418 1.1411656700657196 2.9357711694544806 1.8392044016559295
2121105 1.0850031639527386e-7 2.218104273378752e-6 4.714525504008231e-7 432.02682459622724 1829.533718586364 767.8126349651614 1.0754615175131996 3.6694504688061147 2.6497675289510916
2297055 1.6315950900628576e-7 8.174639250495213e-7 4.353402034996482e-7 704.27808009947 3878.4489954251544 1272.4895525960615 1.302554567621376 1.9175085416418731 1.5838532109869197
4257696 4.9563073000063804e-8 1.0762056638052057e-6 2.3486881427998867e-7 616.2837371614793 2241.99579604705 1016.0124811505755 1.0111360026562537 4.469808934782769 2.583251881849187
2612945 8.461193924427135e-8 1.18375533038119e-6 3.827100337298191e-7 603.6561037166888 1689.9271872430922 1041.4339561504096 1.287151725294399 3.0415854850644823 1.9100184734601497
1028913 3.2527009562893957e-7 1.9097209308183825e-6 9.718999978712774e-7 534.3700780536163 1391.942873386742 840.4096434439742 1.1312983655271112 1.786366515225501 1.320574549978585
1159042 3.9758452213984417e-7 1.9661205941273223e-6 8.627816545886694e-7 449.87742631348425 1272.2115964404102 724.4824453589506 1.0182606259236573 2.055141072437624 1.5465826281879944
1775496 1.700220684609688e-7 2.0515453576864824e-6 5.632230115971441e-7 517.7277949181683 1832.182021161922 1014.1209631580407 1.0451875019194736 2.591802932856687 1.7985262234983672
5687842 4.42575903043001e-8 9.455471862223454e-7 1.758136777554188e-7 486.88048985898257 1182.8996560810156 748.2377854143261 1.4686803489410372 6.097590640015035 4.226829006089921
975757 4.5000074350101165e-7 2.1116878297892075e-6 1.0248463146443714e-6 561.3921673787172 1310.984634450117 895.5314286554614 1.093222767151898 1.6647235174216313 1.3583268157010628
2051689 7.48086953496825e-8 1.439106183216847e-6 4.874033687905438e-7 519.0711527874054 1951.8902863118844 960.727415361444 1.1267706697118998 3.1267485072263126 1.8615402054020034
1650696 9.134811439563814e-8 1.8797385702036264e-6 6.058051730915346e-7 545.7607384312322 1376.1262523697885 907.5654894504002 1.0605961886777502 3.4078949160364322 1.9001533845998733
1223747 3.6697877537622257e-7 1.9685308273156413e-6 8.171627121261727e-7 435.23751686277905 1264.1669883310412 678.7968219057169 1.0207767520573865 2.1608726464260664 1.7196237410057906
4076888 1.4948684591394075e-8 1.8634769818537496e-6 2.4528514810776993e-7 484.5770010851384 4263.28531151069 990.2133149637674 1.1246770628089482 8.537449652434962 3.2131011030623053
1199839 3.157714917090423e-7 2.2833992517604776e-6 8.334452322037526e-7 425.6745560776917 1101.5255536319105 717.5979820606724 1.0984210154666838 1.9334691608003005 1.5128177562993914
3312695 2.869925587730456e-9 1.0477795193705467e-6 3.018691537513468e-7 442.4564895322063 1908.1677357232547 898.6741273843359 1.3195481478029945 16.455029784489017 3.4437443011903883
1440430 3.239422250646518e-7 1.3515880247839553e-6 6.942376031197042e-7 504.5209030900691 1624.5518679459456 757.270700531094 1.3042599469906495 2.162880878938482 1.6919378894337174
3228849 1.727604421948237e-8 1.6652878778897862e-6 3.097079693184675e-7 559.8420606464559 1320.9989152249889 829.8088347924049 1.0028601319796093 8.280235222217652 3.3933048872126608
1161529 2.863005046560605e-7 2.1982647030782724e-6 8.609345907948525e-7 474.8883183283423 1045.6328023706117 652.3995189396484 1.0705291508871664 2.3357137109641277 1.6531230327176973
2618486 1.1508193083864234e-7 1.6585138479890954e-6 3.819005632746662e-7 524.4912354450368 1201.692259322102 776.9777224306816 1.2664606339898923 3.213673663363043 2.338837743109824
925750 5.529301984771666e-7 1.762033253940023e-6 1.0802062727581086e-6 546.212197878352 1272.83772345076 861.1982964612403 1.025241898068738 1.3755365978349843 1.2027265905375766
2463548 5.200194040639415e-8 1.45242424829068e-6 4.0591882101138045e-7 663.245804485814 1847.4227218981762 1162.1287591535615 1.0697284521271933 3.8817337989796306 1.8707981915917475
1586109 1.1306451018212897e-7 1.7481604777637308e-6 6.304742421088408e-7 446.5390461370229 1044.4321127364549 759.9487164748303 1.1317150830599279 3.2976132976318913 1.9275734454594367
1297806 3.1670257491742164e-7 1.4345052460652543e-6 7.705312133705863e-7 518.0323847875825 1060.0335452918262 746.0228795788023 1.3357149782001865 2.0817328161654802 1.5682205851555815
2934301 1.6864089545978306e-7 9.544485517239664e-7 3.407967149889662e-7 703.3230014615312 1284.1914875631428 960.1284050303252 1.3568464554179231 2.566801919002465 2.094247839137395
923564 5.947870339186206e-7 2.0286730106197455e-6 1.0827620039085573e-6 559.0039834943484 1296.020240956297 850.1445129956924 1.0094353433709862 1.3713003735061775 1.1614266572793668
2582749 5.207300133252526e-8 1.8991179438572447e-6 3.871844723131328e-7 571.8195023980609 1514.0213748294332 925.0583141439946 1.0434714677422114 4.751851041774836 2.4175770288983682
1342393 1.5468112354865405e-7 1.7643375787009834e-6 7.449388240381952e-7 480.2224597267572 903.8240436162539 659.38056210354 1.1171423112372545 2.950182190393632 1.710165349544834
1487375 3.3616813518259927e-7 1.4358573056851248e-6 6.723255190587164e-7 687.608207337291 1306.5403032603945 952.5776864477697 1.1115179996433053 1.7416549259163359 1.4638373965410025
1501216 2.8212341511445463e-7 1.434637621569931e-6 6.661268512686997e-7 493.79256159189225 1099.5598711301157 755.2436106138705 1.223178545284407 2.221837548740312 1.7089502257614564
4346019 2.1531118396652245e-8 2.0781774611854428e-6 2.3009570198539422e-7 496.86076738343246 1084.4332326214947 720.2099653518767 1.046030816056269 8.250526053838177 4.2599386837381
2403240 8.50684389632972e-8 1.4718668456137672e-6 4.161051801868099e-7 504.01018555547586 1413.0905143283865 883.119008351396 1.0915933917515925 3.4971166835933456 2.3486562903747745
2067736 6.115206709418974e-8 1.1610809264285182e-6 4.83620889298324e-7 586.9923804625607 2057.1913151969625 1103.3499920813622 1.1264803614956782 3.1549169201174956 1.674903134974742
1127053 4.6590456439967715e-7 1.957276267755484e-6 8.872699304999005e-7 516.5568609651651 1246.7556139460726 750.7620192467455 1.336451923792171 2.2490784856343313 1.7781269548956133
5649189 4.2881689462791184e-8 7.330101923084167e-7 1.7701657096748816e-7 471.8280189962351 1431.0779042385448 785.8718861000788 1.5160710240248505 5.7498191956837115 3.663078576304631
2299097 7.919974292693302e-8 1.757235006029145e-6 4.3495367465169063e-7 531.5251637526983 1615.323228007959 847.8266607827342 1.2126920384922697 4.503998367188399 2.395173572999739
1359451 2.195870182300352e-7 1.960952345243307e-6 7.355914580119818e-7 455.27545742192353 1382.489697452501 763.1233417200219 1.0569083765168228 2.1290837992276432 1.5368335206475292
1695739 3.6181032995107534e-7 1.2177490482321805e-6 5.897136446124177e-7 606.3080032911845 1168.9697559501017 855.861912884695 1.4226415500066074 2.092217515999115 1.8685904666309217
1277601 4.0853753610530386e-7 2.1678214563902308e-6 7.827174870438918e-7 522.671782836029 1310.8664266242167 866.8726404320977 1.1545972266558104 1.9955716646547856 1.568811026008821
2198765 8.223581105796163e-8 1.640281672731405e-6 4.5480081065455275e-7 604.6766236130582 1393.3669884642866 944.7287575157824 1.0707233383202481 3.5350995198949753 1.9665768812983435
2496099 1.0419351159102944e-7 1.671533907586546e-6 4.0062523313807275e-7 478.39938573251436 1806.2495699319365 823.4935616339126 1.1701370137576825 3.5381054429745413 2.5302067400211983
2200375 8.036243188265114e-8 1.4620522079072897e-6 4.544680993236957e-7 606.5276181818795 1281.4759358421966 920.4160035704346 1.1608333893789022 3.741356660493702 2.1386844167444017
2437975 1.8674457394429166e-7 6.48930062639048e-7 4.101765681457843e-7 478.3515129447083 1191.392579568802 699.1254284333676 1.6921651552148527 2.827303501073706 2.092708145551774
1323081 3.0561189471425416e-7 1.5939408892441753e-6 7.558121273998226e-7 538.5450932216878 1563.8596508371631 896.8035566341814 1.2111709111001272 1.6371685131697373 1.419896140219272
6449810 3.1022562271524758e-9 1.5026844069205088e-6 1.5504341084962966e-7 515.7596835672488 3352.9201410718965 980.6902663926764 1.2152673920691666 19.806980753784302 8.368629641219297
2635848 7.56356157013187e-8 1.73588276369149e-6 3.793847903419884e-7 449.9007388794002 1324.8947607152434 796.530532586299 1.1548597427035132 3.66331246677852 2.4174869309130083
2114752 1.1026369257219445e-7 2.164642434519985e-6 4.728688706600398e-7 430.7762942000279 1063.9612908886431 666.909722400579 1.053456385371471 4.61217430632485 2.9437357080453204
4381163 3.340153134478176e-8 1.8454546967953967e-6 2.282499224661197e-7 515.7201069951403 1191.3661793657966 788.1807677555994 1.0093374017292132 6.081907923740452 3.4534804393326555
971286 4.910968942072083e-7 2.3164344820257904e-6 1.029563519773176e-6 574.2522819023746 1084.4042057392953 814.1726675792198 1.00992523275689 1.70297350955862 1.363598495931409
491145 9.347800913798778e-7 4.41260238456428e-6 2.036061411245957e-6 475.4834121605742 801.1031541993849 633.0913166859599 1.0307393946469297 1.905947441136124 1.426478280240794
1181011 2.962655528964284e-7 2.3800379496506424e-6 8.467329264818763e-7 466.057682911096 1155.3876208736995 742.6437240761373 1.0198095335572992 2.433640050915734 1.7284919254118578
1946626 6.222969568907496e-8 1.5131697819716304e-6 5.137098275641586e-7 463.39405194547663 1439.4365936171207 841.7347463546112 1.0250001469287653 4.753617019614685 2.2057376851010084
1818515 1.7817852673153352e-7 1.883211993029656e-6 5.499000816143493e-7 448.7347831602089 1126.6795798280548 684.2305625137898 1.2498668090743548 3.1497990988284177 2.130293530109834
2407068 9.656308936941596e-9 2.208079865792138e-6 4.1544339501728117e-7 467.6295615468197 1190.7676038854045 758.6106843118137 1.007376178445738 11.170310217150195 3.506537079652837
1402835 2.0088194699508576e-7 1.7181764985384876e-6 7.128423647785376e-7 479.5415564135725 1176.8082925842464 781.0733780168388 1.0446034217507214 2.5430136308789892 1.5502660080727229
2169599 1.6482135740059077e-7 1.383454586536813e-6 4.6091494648937287e-7 535.3975618647544 1628.920696373308 810.4845683908752 1.1061189488417764 2.5185181023501766 2.003012701247053
1306373 1.8686529078118333e-7 2.4204263039905745e-6 7.654783246131882e-7 454.879159592427 1545.0460757621045 783.9144513580494 1.0442404305952422 2.3698410522118762 1.6999056384435391
2368699 7.25444233556193e-8 1.7688173086514357e-6 4.2217283060357426e-7 519.5398268345451 1277.11391952814 782.0176177942693 1.0353935623556962 4.375185853169383 2.612676943717543
4835680 1.5518868078344942e-8 6.107915907288322e-7 2.0679617266711424e-7 497.51753916003526 2007.63192347081 891.9005731818411 1.4970678329377665 8.55751316852367 3.564593092546213
4370736 6.35620554470416e-8 2.2602363508966347e-6 2.2879452614871345e-7 493.1989294873419 2153.0849016633833 1437.6138341040062 1.0022739462574901 3.0543145229264126 2.3583774774721964
1524399 1.7088128682790907e-7 2.0898985668418785e-6 6.559962889366516e-7 480.45353794619626 961.4641788254671 687.403895419889 1.0366877280873679 2.8859459954705207 1.9008537824395628
861174 6.503142452544677e-7 1.9553590510117447e-6 1.1612061835643299e-6 565.8810162888109 1104.1416414130883 829.4796221917898 1.0947144710040977 1.4381286629329972 1.2350629629755319
1945679 1.67123576699306e-7 1.470002636578948e-6 5.139595077061473e-7 754.6563958337365 2096.4990590877946 1305.7396222774867 1.0105701465015933 2.006973466946784 1.5120239237341495
811159 7.143195470136088e-7 2.191650518756815e-6 1.2328048824635195e-6 522.7575738807276 966.6080169382259 722.8944089320848 1.0438824299307015 1.4028232101325133 1.2391348884459463
2709662 2.1509934671409496e-7 8.011976716594406e-7 3.690498474741164e-7 633.7779397842908 1864.436299729891 1045.4009312655176 1.3863048776572477 2.2954201428323633 2.036674650427762
3521089 4.8710539382649404e-8 1.0746410767761303e-6 2.8400326125485604e-7 480.50731793791084 1480.2591754592052 911.080949498616 1.3642968759560723 4.6515401408808525 2.5959924926427504
2831184 3.403531778002369e-8 1.6622616582245749e-6 3.5320913086548883e-7 518.7849284055928 1414.583328808169 914.9536007099184 1.0673088949483325 5.444130134571375 3.037780936661217
2379213 4.9699788614305934e-8 1.3348627365990372e-6 4.2030732080319794e-7 473.00974539074133 5454.503545579124 2254.2178497540103 1.102478922535323 2.211086253496367 1.4208092087691455
2648327 1.0964282142733654e-7 1.7760867918706464e-6 3.7759695300435455e-7 480.0092355511337 1310.5088603184481 750.3148541465529 1.054968272972197 3.6398339290206825 2.4947405343668136
1491594 5.7050181557177425e-8 2.053684905469448e-6 6.704241389522209e-7 485.9613916721101 1463.4806535741827 837.4628176111883 1.131142757377205 4.09940809002964 2.0921306210328035
1523876 1.9848999072452577e-7 2.0926326372571387e-6 6.562213860474841e-7 546.3140444673361 1290.0514869923 825.7545590329146 1.0222618381898287 2.6352318565914956 1.7957287458882816
6932398 5.3492607442177634e-8 8.62369563484383e-7 1.442503222437027e-7 476.5755727175206 2683.848599604563 1293.9114089665522 1.3691350434722285 3.8398773683263396 2.7903589752919213
1893279 3.966739644814165e-8 1.438354354918877e-6 5.281841895747529e-7 601.4277683055188 1909.2486242662758 1216.100438318316 1.06900701088768 4.61449033353731 2.152330043671378
1677804 2.9557447719981295e-8 1.5614824616265327e-6 5.960175062770129e-7 667.1793711253833 3586.434988103599 1427.3111767180974 1.0637595544421699 3.786074354505752 1.594365507349849
2524175 2.1210240890187095e-8 1.5875250486469295e-6 3.9616910793606513e-7 508.03669256388764 1559.2071032500944 846.4032537294806 1.0323250645760869 7.793970330416095 3.161665934810875
2730277 4.9834021294463715e-9 1.5871653483172328e-6 3.6626330784398636e-7 506.249597157223 914.9489294878116 684.973437129387 1.3666489386666956 20.747621146478483 6.896275613605765
959918 3.840194541483633e-7 2.075079530578516e-6 1.0417565526818076e-6 479.99155800509425 1040.7671879784882 702.4649914416859 1.1560581126604028 1.8428729016306473 1.4155633004418569
1312699 1.4307784499685404e-7 1.8331104509094507e-6 7.617894819151264e-7 500.4974097103303 1189.5334867554218 797.7103632517681 1.0846342506958542 2.817233999749874 1.6491761006982728
2712113 2.3937475281120154e-8 1.517441313695509e-6 3.687162458351898e-7 674.0103010421142 1878.3501541232852 1175.8994294457395 1.0300415830907907 5.380924774778041 2.3727251584614018
839499 6.662453143937753e-7 2.2138918113938688e-6 1.191187390890825e-6 512.8917619133764 1078.8990712584268 726.5341770339984 1.1272667274218966 1.4676071126683319 1.3271100030297953
2747247 1.0012744397745695e-7 1.154028905921753e-6 3.6400077029812973e-7 761.3815579787565 2092.738328450645 1376.2121765681334 1.1029443991945707 2.8642652327224254 1.7907437384256342
858092 5.56862866197947e-7 2.271555880883829e-6 1.1653769297916643e-6 520.6343022275413 1168.1554108120754 786.4943326246654 1.0651128084493104 1.493552581534887 1.2921398400831305
4825090 2.5496765145735993e-8 1.4244538957785868e-6 2.0725016222910427e-7 475.51792611531187 1464.1718948849682 799.9525041154155 1.1231941991973748 7.852037719573723 4.929475731574038
3555930 5.4562201983768685e-8 1.7318938789983735e-6 2.8122045179559785e-7 453.8553354502446 1681.9696055612756 864.7122585058488 1.0891203983768423 4.878646749478805 2.8833412000665057
1641575 3.471260188108029e-7 1.056816180229064e-6 6.091713436590017e-7 653.2622646571062 1241.934321120671 919.3320437745764 1.4631203468567633 1.947722811264646 1.6905838008704186
2577848 4.374391289622928e-8 1.0315466778595106e-6 3.8792050107465427e-7 511.94385545139903 2974.3310821475216 1381.748460966139 1.4099498448351968 3.1237602424230526 1.9110770760240126
1910811 2.496144264791713e-8 1.5484302736674714e-6 5.233380440976023e-7 481.95359669751093 1098.734786101474 706.361119133363 1.116045704439026 7.945768977072847 3.0963286676071213
723979 9.362471918364191e-7 1.9760672564029643e-6 1.3812571187385334e-6 560.1082205563545 1524.95319575972 893.9556352596295 1.0806226694556642 1.406129744231977 1.2343982909680125
2127939 8.005719483058237e-8 1.8228850427594636e-6 4.699383893116542e-7 547.2421446421845 1390.4979707047605 828.6328818749208 1.124547120992875 4.081333550420445 2.350296826042041
2257340 1.386328765570429e-9 1.6732919421500107e-6 4.429994136049941e-7 473.3729791321475 2065.5371557100602 1039.84519453364 1.2727814203609735 25.55332755618141 4.7593495925825025
1851714 3.974849774017539e-8 2.269722321966261e-6 5.400403074103923e-7 527.2196734653335 1628.8702137585205 923.9346171169193 1.052674986135054 4.675730498254198 2.4323544309950416
815554 7.459500860119884e-7 2.520759234845055e-6 1.2261619062989943e-6 486.3368607625591 1340.5836160028016 792.130890359565 1.0765014639345638 1.4807393524173478 1.3641272329166392
3337220 4.854959533910342e-8 1.5896668415370035e-6 2.996506175990821e-7 546.1751002717338 1452.1906248210785 959.6543944857609 1.1212033545617157 4.930893034778072 3.4191285915565066
1420620 1.680957437953461e-7 1.3045130141397233e-6 7.03918049390788e-7 683.2837354406847 2428.9185020414347 1148.3559723547455 1.1323005147991054 1.8445049277330055 1.329707663841042
1490026 1.9019739496411102e-7 1.9741738193345887e-6 6.711298606502018e-7 504.04742521837034 1333.5159735371767 826.409758814408 1.037411110654026 2.7444917226449608 1.7249218961306587
2067948 2.0954362570006498e-7 1.1999712013947652e-6 4.835713846080723e-7 563.400982798122 1414.7718683610321 945.3295922234864 1.2094756506725852 2.17922927769673 1.7022971695296343
1400017 2.623658320651097e-7 1.4861663303382456e-6 7.142771295008977e-7 500.1804919503649 1136.361565475951 708.8459853662041 1.3286959431350323 2.2018021539727703 1.7558907300398192
