1158680 3.782680178298604e-7 2.061618397432788e-6 8.630513046910011e-7 454.89115539637066 868.8785834343431 653.4321830086514 1.1740891283558905 2.053021989777683 1.6267157963032886
2182318 4.347077027072642e-8 1.3753380469552305e-6 4.5822840134344583e-7 615.6943376966282 1747.032709757455 1024.0943111002402 1.0242337590405293 4.887041299096067 2.6774405371096957
3848594 4.8069992833813394e-8 1.248606802431251e-6 2.5983515344578965e-7 558.6692147898902 1289.9087988536285 855.7530426838407 1.1388048696863833 4.629005101891169 2.6129117607356513
2073684 2.5059675325213345e-7 1.3661015848464832e-6 4.82233669190044e-7 524.6312888429601 1185.7376517297535 803.7634078303025 1.4308117278107133 2.4599898109150464 2.1343849588286266
1104540 3.3679753710229554e-7 1.967734574644363e-6 9.053544851425423e-7 624.5384600756856 1957.2484127028251 1095.701151510472 1.022321257750999 1.6863727013302703 1.2862729017715056
1889997 3.148865304253054e-8 1.8605172025141108e-6 5.291016395958994e-7 527.8100681594577 1401.4743222175032 895.4011390825337 1.0751427736524262 5.977450138997245 2.6726680499705107
1158741 3.090419568722335e-7 1.7059920456431452e-6 8.630058785818993e-7 551.0304510793526 1147.7927879115618 810.0541873442527 1.1667787537198453 2.0487284747241654 1.4829929384933285
1670951 3.784179301534252e-7 1.0555156481686761e-6 5.984616421777898e-7 792.860547958736 1920.6851202825271 1258.7456197459367 1.2076435690759935 1.4113141004456113 1.3133361006704893
2030913 2.3037706312980376e-7 9.071725345204322e-7 4.923896815094092e-7 747.825747099269 2916.926907412562 1511.4145771718158 1.0153465345198498 1.570469852378008 1.3566355782660062
4058680 7.238947935995194e-9 1.819156768798333e-6 2.4638565133214997e-7 470.7872862258132 1133.4599723054553 728.5718821833706 1.0078036908890486 13.119894872910802 5.952529221033426
1310533 3.401604144127315e-7 1.3769451024183517e-6 7.630484589278851e-7 442.2701329898958 1423.2991765276092 771.3287307702873 1.2465885065481102 2.4684735280785284 1.65658681527414
2091389 2.1279533061863342e-7 1.4193462720074738e-6 4.781511586766705e-7 730.419598000181 1811.7243143139594 1080.2023355662698 1.0063482041811036 1.9901016968653749 1.6176265427679248
6373811 2.0725272218219006e-8 6.814176016025408e-7 1.5689200817742156e-7 1150.1525882691117 6717.335370592996 3151.7509902074626 1.143884830473998 3.1406054309173945 1.9930331239362606
1647602 1.0267057394314967e-7 2.0243748909768766e-6 6.069427557640682e-7 445.3516528116604 1105.1127146351398 672.1716686833805 1.0984950273852432 3.2676332946385824 2.0059065743167652
3525290 8.274441484116784e-8 7.787021674134973e-7 2.836646299082017e-7 653.9534882051817 2260.3606003209306 1291.2452959649227 1.3006335452451632 2.625105442095715 1.9563489588892369
2554201 6.755228842296371e-8 1.0439990317550569e-6 3.9151193328236125e-7 651.635384843292 2586.06979711811 1248.9564458219252 1.1723623480122656 2.7585824422322025 1.807162124082992
1357713 3.8953210021425155e-7 1.4587626928146827e-6 7.365329443927892e-7 487.13183494716554 1876.8255202750915 960.5843018491145 1.1093770166978045 1.8315653091488497 1.494360487324029
2621511 1.6440743070696607e-7 9.944128629612543e-7 3.814594415067142e-7 528.5078863057231 1075.6904535968197 783.6954854364435 1.5602113732636735 2.9119270743205443 2.2035350809180936
1578932 1.6508256755868767e-7 1.6993643601660245e-6 6.333398720281514e-7 508.8632578406634 1439.339842459379 839.1945493371608 1.188818119269627 2.4670362533077568 1.742953059650028
1771732 3.9914460341861356e-8 1.6233479068828122e-6 5.64419528569343e-7 425.72075271477996 4413.793847881246 1225.6675833339154 1.0700395470728146 2.9929013921916723 1.723922435109107
878266 6.6606739193187e-7 2.1388070383549857e-6 1.138607242561084e-6 482.8668375075065 902.4004561876144 667.8223560703267 1.2087662444022864 1.7140585893349876 1.5041525078797433
1164867 1.9358376941541794e-7 1.9445595291597716e-6 8.584676798917089e-7 461.71915423998746 1567.524937714353 841.8567076624753 1.012100271573799 1.9166731280719362 1.3431775632011709
1648478 1.8245115075864854e-7 2.1897692102034583e-6 6.066206613025823e-7 524.7064460171249 1661.6006783978128 878.3570195161059 1.0770461805411198 2.8627714012804026 1.884461139145953
6531377 2.8632360658308514e-8 9.210650042918193e-7 1.5310708548284214e-7 635.5400339579462 2468.182972394931 1242.3593655490754 1.1114526702748917 6.045706370767556 3.704967376043145
2013609 9.755759003946762e-8 1.5805629485701008e-6 4.966209317977474e-7 516.5568414265931 1043.3612991301197 762.8615095385771 1.0918073939413024 3.283055202537914 2.0323127684691076
1067203 3.102032766357012e-7 1.854605933132377e-6 9.370292087377542e-7 559.59748110284 1153.231087694539 842.0301052309803 1.051525911961396 1.8136783364396845 1.2808207638677451
1105696 6.80940582266878e-8 1.8414935440037165e-6 9.044079971698394e-7 487.9234493857908 1878.4717375018256 839.3708913475051 1.0218788047585234 3.1709400816656856 1.4777519046679566
2508554 2.6541339229975224e-8 1.9928019250839582e-6 3.9863642599205126e-7 714.1246840622069 2484.8245016366022 1440.53226987989 1.0561333407242377 5.111701133350272 2.144207872600642
2624772 2.0977651474973848e-7 9.620985849258407e-7 3.8098551504646374e-7 554.4653217676803 1171.3751440766255 860.2677201436422 1.5510696362213878 2.345075589282032 2.064403153241013
1187347 3.041126270576965e-7 1.9408717819084796e-6 8.42213822600217e-7 522.5061385358575 1531.7889630421603 917.0020057584256 1.0076069355296373 1.985772219136989 1.3491489860752426
1212131 2.8799435603228217e-7 2.2121722571644818e-6 8.249940348649064e-7 523.9370919872778 1539.9783581627532 959.9859035992514 1.0122212460906996 1.8276340128312407 1.33776430303091
4368297 7.756704574666112e-8 6.785286492145267e-7 2.289221660860773e-7 706.9432080811764 2411.4658539914244 1114.6641955615376 1.4949100039734842 3.4760896385056075 2.4759392104116906
1465759 2.264930229252054e-7 1.4716944911010977e-6 6.822403990848204e-7 534.8521702051037 1187.2124828787512 802.0146605653644 1.2723361595670728 2.377207307387344 1.6880573160360306
2041647 1.4876219213654687e-7 1.046300546971126e-6 4.898010370704143e-7 585.8391431333528 2966.1101712933487 1434.832947324586 1.0336803060475301 2.3150127460631853 1.5536233957407857
1810908 3.688740309171312e-8 1.6751943513524788e-6 5.522093396360471e-7 503.26130439435593 1546.4755459977157 947.2509709387123 1.021699523892822 5.391865298465458 1.9329453885712773
2561653 7.758749743202446e-8 1.2243166964256075e-6 3.903729877046574e-7 531.2077431695792 1778.619990969739 891.1015972868488 1.148439499671974 3.3811672163482944 2.0599646454694067
1706026 6.695647404404804e-8 1.436299446449057e-6 5.861575532737876e-7 621.1735059292597 2219.716187964004 1030.6686963459215 1.0111204357135244 4.090386573023315 1.8132593907013659
1990263 3.6509918713418365e-8 2.0126001548933944e-6 5.024462123653363e-7 510.2293367556683 2491.4018630883975 1029.0745647574147 1.0217831151347114 4.07304946986815 1.9635521003904126
2288081 3.918483839943988e-8 1.850459192314357e-6 4.37047767637154e-7 483.3335980510274 916.2579471718745 674.8927674201392 1.1047332668547778 6.368885457599953 2.9795202538852577
1662859 8.966262339997999e-8 1.4988025592639804e-6 6.013743164882357e-7 424.66897906143856 1436.8226013035492 777.4764263935216 1.0122115415955388 3.080445958092181 1.763464039551244
2893795 1.1851094086101409e-7 1.5522029881012174e-6 3.455672301308754e-7 621.6752117813043 2484.5235994112018 1392.9260846166972 1.1461337817019395 2.548726867735657 1.8405196574247444
2576163 1.3983451288273272e-7 9.953810370128075e-7 3.8817432449321413e-7 759.5489491451126 2946.4963660810563 1543.1783138351618 1.1300586210161712 1.89039940611354 1.5638711743952856
3642850 5.914271288392428e-9 1.7922648180268618e-6 2.7451051095122185e-7 550.4659232043393 1323.9839536102593 960.8335747376121 1.0037549558742263 12.429130506531656 4.9544016470557155
908968 6.125968063236292e-7 2.128658953334201e-6 1.1001498802911002e-6 484.62044005840846 1233.700340225497 773.5659448403962 1.1250408047279787 1.558226591516455 1.297536382087624
1357013 2.809411706428938e-7 2.6520998288463716e-6 7.369128604613554e-7 502.0250129371894 1173.8023649756215 757.6814657980316 1.082946620987456 2.28016658740839 1.8039068561851546
1917282 1.6433061847662847e-7 1.2921299269914195e-6 5.215717493305102e-7 880.469119507347 3124.6097049287932 1565.2449143292754 1.0286939785911544 2.2543050740176995 1.5449053861053266
1243093 3.6849761992669326e-7 1.5189594497227234e-6 8.044453310425588e-7 450.97848080360455 1000.2926457799587 660.4760123995738 1.6390962109770886 2.2347194712474447 1.934439091479648
1004641 4.5857799741407185e-7 1.91194117774569e-6 9.953813797182474e-7 478.8421181573032 1203.9845904529197 803.2402698375012 1.0576496526994492 1.701799322975485 1.4029300343385327
1620323 1.0331824606714897e-7 1.3825778963839433e-6 6.171611118081809e-7 634.1584187808955 1326.9364113431247 977.4489330894002 1.1586222973335516 3.131970386795393 1.6344093159639104
2233932 3.711592210697866e-8 2.1124910412115195e-6 4.476412941047429e-7 473.08816034601773 1156.6238450649141 771.8027270518444 1.045120645406441 6.102857136166762 2.6585444825893916
3014393 1.0278241181797364e-7 1.2377817305414277e-6 3.3174182878214333e-7 589.6071567663033 4702.085863018479 1526.9144995119007 1.0171243160697652 2.5730956043887807 1.8020029330112162
1595273 1.847293904965493e-7 1.5034637737837148e-6 6.268520153759989e-7 599.98142815858 1859.5440732724062 1063.1442852796908 1.1887959566785768 2.223600338543173 1.5027335584420707
3766586 2.8129123890841703e-8 7.724934193384186e-7 2.654924542219003e-7 523.4409856258239 1461.8243808127856 913.2995370379111 1.4055935456633821 6.093719299280562 2.953830741622108
1200906 2.396176241988759e-7 2.068948563313727e-6 8.327047102550284e-7 500.68736392169785 1165.6268417160525 821.6912692562664 1.0135223338341668 2.1298444514125476 1.466904536538142
3324548 5.2667296566600276e-8 1.6827472505632586e-6 3.0079277438613314e-7 594.0036024200673 1675.082790540977 1064.0795517448314 1.0138193234046993 3.7308999744960762 2.292683644362039
3775383 6.547187380937673e-8 1.0419665331011706e-6 2.6487388769349397e-7 539.3311684294187 1229.9990010600327 824.302921600242 1.5099406193640044 4.469101857855924 2.874784257187985
823737 7.208111693993714e-7 1.8125636747118486e-6 1.213980375686826e-6 467.72651420213913 799.8192604459235 636.9917779528568 1.1543773095242724 1.5952143558877612 1.3005003877337857
6846061 2.7203322970739073e-11 1.672285895888341e-6 1.4606940082636508e-7 458.0144434379664 1041.6314647597653 715.8712178978238 1.3892214780300836 243.03959005459262 30.31156836471504
3201783 4.1423876336222033e-8 1.677661291639519e-6 3.1232614522845795e-7 469.9518638894319 1810.7633826749047 986.4124521105841 1.1404081320326398 4.54984287349543 2.8662281613959677
3741830 4.60773259883505e-8 1.2052824219711726e-6 2.67248940130491e-7 553.6148047344614 1803.1424071553538 1148.3793194151613 1.1579117594792943 4.2120371518058555 2.5763741867290197
964611 4.128791339495519e-7 1.8681079285158233e-6 1.03668741315396e-6 494.06677668437385 1375.8406840243836 861.2513343184963 1.0747373460713374 1.4789431938737154 1.2165357845026397
3051222 4.0364034173178177e-8 2.2466974336459053e-6 3.2773760831864056e-7 509.40511508780054 1894.8296457318206 1189.7052000896374 1.0631616465519587 4.899794348665464 2.749556029655417
1709039 1.477649183352411e-7 1.2495960911474796e-6 5.851243346936093e-7 606.3263853139397 2961.9591635344004 1166.2534266771997 1.0971954351184694 1.7242911843620805 1.3416088199886822
4957751 6.8228149971420205e-9 1.0874984894951641e-6 2.0170437805356481e-7 590.333312954559 2228.3880562718928 1185.4113429073448 1.1571537921448818 11.546679515504376 3.1400580050211446
2469783 4.005763730896499e-8 1.5072139547711974e-6 4.0489410192471304e-7 487.7498821535631 3092.524826172064 1323.5046108884092 1.0635644535271807 4.4530990741669205 2.3683112152087458
3313819 4.8332916933501015e-8 1.4332078279134857e-6 3.0176669767789436e-7 506.20764148946836 4032.81281924085 1418.3995770103509 1.0078631046575715 4.127400900591516 2.6575491351325495
1193188 4.047749632152573e-7 2.312182441408867e-6 8.380913223171169e-7 492.4841796622783 1218.728438474139 765.2959359580514 1.0646532151717087 1.8043183170331984 1.5610263244584899
2508209 8.882722142506165e-8 1.0159340413437819e-6 3.9869087991055533e-7 673.8192203923398 3937.7864014611414 1407.1301094169266 1.0929839987647418 2.4903572343808382 1.6726844010353565
2324557 1.1367124048373411e-8 1.2757236363459095e-6 4.3018952666956016e-7 660.998485093343 3857.3100325942596 1509.8372439424252 1.0048281462894928 6.2039645810575585 2.0794278370663433
4463732 7.4098081269887e-8 4.941307484353781e-7 2.2402779240370709e-7 778.2541406574528 2880.879735695126 1643.9703321021768 1.663289424042138 2.501392488476413 1.999861689809643
1229807 1.0635798965106161e-7 2.301066501366754e-6 8.131361552879292e-7 477.72983553321785 1789.5746512639182 932.9885185913178 1.0363328937379517 2.6653241293251786 1.5881018016068515
4042991 7.339860349311117e-10 1.0650328299345956e-6 2.4734172390008696e-7 860.390373081069 2704.631653462962 1521.3614086773055 1.0642081704840523 25.283045648879963 4.085059891104373
1448616 3.756887931334173e-7 1.0706060294179999e-6 6.903143465534817e-7 662.7790940029525 1465.2604465822017 1020.9068145150201 1.2887172972394727 1.6593180703314694 1.3836019497155965
1304531 2.809597414993042e-7 1.8320152630985637e-6 7.665592993364612e-7 482.9508833389617 1050.2266923953616 709.0584806339067 1.1089165767418228 2.1629361391552284 1.6994656276154012
6394860 2.160198420327184e-9 8.733235911654434e-7 1.5637561153902558e-7 1032.2942885747775 8372.783579801682 3468.5584536291053 1.0982553258685765 10.625524013851532 2.6370563227682324
1466182 2.386332662213658e-7 1.6068659934014915e-6 6.820437641801871e-7 696.5080372410061 2702.158239686117 1491.1696234932715 1.010026357346782 1.4998194506472204 1.2282070534523055
1767661 5.573997583851329e-8 1.9890160290679074e-6 5.657193541190864e-7 529.2586993702549 1522.8532046525154 936.8483946582044 1.0507074908366136 4.606573565151325 2.228790896690415
3956786 9.661640350432853e-9 1.0199721681569633e-6 2.527303838631621e-7 627.4319071809065 5114.851390446981 1614.308335249941 1.076703506742671 6.674443197376814 2.334537068495049
6142060 4.754065268542423e-8 5.679639635268703e-7 1.6281185618536132e-7 649.3643472602113 3467.174748932101 1395.7097019446896 1.8374698626429384 4.979525545444111 2.87205105477294
2683183 1.1701675263840835e-8 1.322262120348032e-6 3.726917520221047e-7 560.7744356760746 2536.290767424562 1306.0936642277393 1.1869857917549085 8.470156693211464 2.7074654941246625
2548468 1.4127306003720397e-7 1.3154143191302916e-6 3.92392983674124e-7 469.44682490798795 1146.9009619473081 769.6637670375319 1.3700802534597099 3.3525351987983227 2.3788712553924767
1354621 2.0658461464116738e-7 1.4043090597306974e-6 7.382139697362922e-7 686.7922676453292 1415.6328310241279 1004.9889042674695 1.1653015542607 2.3653367053702574 1.4701813048750831
1193384 4.969897492120445e-7 1.9188381582426596e-6 8.379536694711976e-7 545.0721503259962 1508.0750057845644 915.2420116906288 1.0254330219594467 1.8522932572003379 1.5538412978831406
1758363 2.3477535396109077e-7 1.9524906358006337e-6 5.687109259394552e-7 517.3960099325919 1318.8048618062912 817.6759656197848 1.080185442026406 2.2656270159389185 1.8220662792697444
2539939 3.149444336513283e-8 2.0431265011563194e-6 3.937106800206703e-7 559.1660372727225 1399.978233717181 992.6016420954003 1.003811617032817 5.640533148624713 2.6450702739154943
3582917 5.647386564980065e-8 1.7403338750498496e-6 2.7910251047217047e-7 607.1213203738524 2305.586926545289 1155.0499715812875 1.0811857359473067 3.5709996584650083 2.4026518266559114
2860237 3.6244872313943905e-8 9.022420826949208e-7 3.49621402217849e-7 568.4895768184901 4957.316532308223 1230.9951082884863 1.2421456382342735 4.470604133197901 2.288181678524293
1346192 4.6669121647741394e-7 1.109536887094004e-6 7.42836245964656e-7 826.6296979416677 1680.129324688379 1223.7184861760095 1.125871208678842 1.3616416851568944 1.17941903016776
2919499 2.427121190333514e-8 1.0806174572083938e-6 3.425245233806548e-7 613.5669859365328 2762.2726574549324 1229.4451802205022 1.0625435574850643 6.872948063977886 2.3390493562577004
4460275 5.304906522423805e-9 1.6773796591942257e-6 2.2420153409214145e-7 657.0125293136203 3916.557634099004 1623.0168823565816 1.0437090161607043 12.785912092379606 3.293343439588519
1455937 1.80780815870991e-7 1.2914395514626962e-6 6.868429269057496e-7 480.9704344207494 953.2666291090223 673.1439885068233 1.405585425844311 3.0993560442215538 1.82981843967198
2384622 2.171090840645895e-7 1.0924818547495263e-6 4.1935372718822933e-7 803.2921181578979 3039.285705871409 1741.0186860830524 1.0990005721582 1.6410048176028866 1.4062777157379218
1763565 2.0432123553939622e-7 1.3626449196058919e-6 5.670334814301202e-7 542.4276106710523 1088.6720451652866 783.1970183344911 1.2160541902164443 2.542186646505915 1.8180870062543968
1937992 2.1020352452230713e-7 1.7837348484910203e-6 5.159982371629461e-7 464.2929335549451 1070.372986332918 722.0657624941238 1.0870397790814235 2.977349573035936 2.099010839041573
2274546 7.180749564140455e-8 2.1048883330464774e-6 4.3964818879131696e-7 425.26814545309304 1503.7683212632978 967.8357757097541 1.1399045739779041 3.5032475267759104 2.0681517379214025
4470018 4.523323388948379e-8 9.024306522975134e-7 2.237127876936363e-7 534.0945719057131 2064.4259460855865 863.6235215247825 1.2361608180027976 4.494607027596568 2.73958126230552
1777430 1.120762577200999e-7 1.7476142721453798e-6 5.626102737571189e-7 616.4440337414864 2030.3184272213427 1115.7171261601147 1.006836896117633 2.484875983122311 1.478076469941819
1373353 3.462035812929492e-7 1.8883096793501309e-6 7.281451815133957e-7 473.3758315518411 931.5771077579677 650.0419651865353 1.068628148176249 2.2303288548123006 1.7337206224814796
742273 3.2729988589775146e-7 2.8754272489890086e-6 1.3472134363186113e-6 546.2437615488617 1148.6511339861297 787.0246854317611 1.044690168718042 2.4914917428695147 1.5186393476398947
6628019 1.9091759982827625e-9 1.2853799487223045e-6 1.5087466040645261e-7 669.4323859868323 1592.59243521929 999.9738045108813 1.0561015713154458 22.481447293265898 9.374718703053745
