957345 3.645680536779251e-7 2.6347107536573423e-6 1.0445559237315966e-6 375.970930059299 912.6924201404928 581.1422024007512 1.008450712069323 1.8589607756733277 1.4846246028148375
1445943 2.3357023310141228e-7 1.5076707297785205e-6 6.915903237160791e-7 539.2949424012653 2641.97341659684 1014.365327085735 1.1020262524753925 2.1054116063357067 1.5223821470221002
1711122 2.3594347383404444e-7 1.7260730510410953e-6 5.844119008519043e-7 425.17485657685774 1090.2563294638012 653.8059938956835 1.0902881813516472 2.772145198117322 2.1245155537371705
1478801 3.085021989727856e-7 1.6575488269380963e-6 6.762237381640583e-7 569.2691987129305 1544.3987056578203 922.7417052494604 1.1002894413722142 1.820680030432221 1.4701755544340198
1275097 4.135014258734957e-7 1.5590642824621654e-6 7.842542934705934e-7 422.37578126367157 1164.3523426656793 689.0400236329037 1.1624873723903946 1.7509101613116533 1.482409591371665
722571 3.624564255826004e-7 3.315218632377804e-6 1.3839473270543444e-6 338.8604301640393 664.4969169074182 466.82606535627895 1.035855277901425 2.5288609742565384 1.566000247395501
1242824 4.112980067980637e-8 2.4331771800264686e-6 8.046192470684837e-7 377.992450816802 1371.6723529912597 802.2557360646381 1.1719218103253652 5.893119911435262 2.178834768047313
1923687 1.765572268400664e-7 1.3016354345747118e-6 5.198353309980792e-7 435.04561684909385 1050.0171865930695 667.0720315373995 1.193153330078148 2.9473239503359845 1.9445144323713828
2984600 4.8567147349820674e-8 1.8373948835427926e-6 3.3505334505071846e-7 491.89463844917674 1529.980490292612 836.5895399626658 1.0414757068181577 5.231953895678895 2.664141922265357
1028763 3.368296226889553e-7 2.25068069007669e-6 9.720417929126873e-7 389.73375702096536 834.652791270562 584.9972005089018 1.1532436925677028 2.5218737924508323 1.7297370511789134
1461918 3.229564721951049e-7 1.504838353060073e-6 6.840330952821808e-7 348.7952417672571 664.3935220579749 499.58072115381447 1.5183056954464642 2.550055893402587 2.0924475396987194
1336254 2.0650885799548415e-7 1.495635103605858e-6 7.483611218278663e-7 472.3528285763896 1159.8710540723023 741.4351709638189 1.2313669336767339 2.606639031102388 1.6614487201943684
1011685 4.605138682959084e-7 2.2934448554146266e-6 9.884505537186552e-7 385.8307092438074 773.8482641657367 561.5150595100432 1.0954332294199454 2.037023083416829 1.5981930351305162
3339882 1.7069405607443308e-8 1.8634265183634371e-6 2.9941184639981816e-7 400.1574876454876 1043.735230678823 675.4402163972112 1.2464311150182565 9.347053228546434 5.012945813838974
1816518 4.0869598900289514e-8 2.8700195454541546e-6 5.505037695732433e-7 424.0906098993811 1005.784653610616 669.9501575273301 1.0442194894309218 6.436411231914689 3.142304373129199
2283926 3.6858077908830426e-8 1.4373104653097624e-6 4.3784280618225536e-7 380.0419553868858 1303.2286109350994 604.1218099091999 1.1952843440198935 6.597357600822485 3.0036467083720675
2007750 1.5689724960320204e-8 2.125030353155287e-6 4.980701325128489e-7 359.07770427639946 1833.929835250121 800.4790625691293 1.0207255204242276 6.214228946177493 2.1217283521683488
2852018 4.8337318462012765e-8 2.1862599256088197e-6 3.5062897834617216e-7 394.54636498870383 1064.1010061238755 619.132153758386 1.1554358208292446 7.131606076011169 4.422254098593547
2014817 7.853155873365177e-8 1.2092032205882716e-6 4.963230000431604e-7 377.53765603723724 887.7148758492683 596.6976740643423 1.4552172273535713 4.038611071892787 2.2227174353492907
1508894 8.768959154065511e-8 1.9036186944157773e-6 6.627375570004668e-7 347.7265429328 703.5479452285923 463.7037986671965 1.3673449758418013 6.243338677828327 3.1001391743205127
1300654 2.1533869982176237e-7 1.8869254780351254e-6 7.688446032723578e-7 429.99326078070385 1706.4585049720906 860.7950988504379 1.0131492178503219 2.1425372220386074 1.5572640701560903
524364 8.598047467412665e-7 4.0935866120527306e-6 1.9070724099505985e-6 319.36355972556896 609.5586813281044 448.2396637010076 1.072284232370675 1.8936108086696457 1.4888530772684936
1079920 6.753120492091895e-8 2.1350071546330574e-6 9.259949184180664e-7 357.1935639342911 959.0918412428733 591.9353347552536 1.0373739391365198 4.532489756545839 1.7981362943090957
993003 2.314082610830789e-7 2.7726990471382995e-6 1.0070464425590542e-6 369.6322703110141 870.9834733299949 584.793209539906 1.0798722447534144 2.9443538706971175 1.6757364105624153
498788 1.0749253185891076e-6 3.06363834947357e-6 2.0048624169251757e-6 353.4041366703055 731.5156040084631 514.9944490144749 1.010994549694234 1.3388466070081495 1.1700115440857362
2785848 1.9960644110015026e-8 1.5105447793116521e-6 3.5895727942552443e-7 415.56965172795736 998.9028804220922 675.5926106093568 1.3877092096058092 8.236107331001865 3.32469168613581
998798 2.2733854906820058e-7 2.294598076478175e-6 1.001203641147332e-6 403.25224596793026 888.760175750599 603.997576790259 1.0108082831868939 2.779570078639473 1.5861825246564198
748082 8.302512790229272e-7 2.777323174054017e-6 1.3367525383340718e-6 372.49545931699015 811.714043100246 542.7017691751846 1.044125182649752 1.5756258060361237 1.381079734752015
940549 4.65633770940327e-7 2.618517887533988e-6 1.06320901251893e-6 358.0299132635902 651.1897424515254 488.9170659845259 1.1240729783908339 2.2054462733279414 1.716393956326672
1060048 2.2914735002027856e-7 3.777503331632809e-6 9.433537255103029e-7 339.4850498809358 647.9336338945751 482.7699122877589 1.0017631359949641 3.335578266497072 2.2944777130323817
2016301 2.423561639286819e-8 1.9961253533557244e-6 4.959577470831862e-7 317.11511753372497 950.5174900325294 586.84645648977 1.2668331956110426 9.966245933070033 4.523257084297902
570810 1.162456641403189e-6 3.4309479117293486e-6 1.751896793549667e-6 366.62850855805357 726.1557360753211 530.5715589440429 1.0124178340715724 1.461552795148141 1.300157648291285
3818520 3.3981077993812367e-9 1.9234497790124843e-6 2.6188181120834217e-7 364.0093312840026 792.7435143004052 568.6939631292497 1.419262286754714 23.787949061410064 8.959836201101172
554124 1.317128706551972e-6 2.655047950286093e-6 1.8046512980763098e-6 365.8855113427549 697.3218711973574 513.2647517681493 1.1360834709502585 1.222607015787727 1.177724411891105
1127753 3.222100995760292e-7 2.4882884785173265e-6 8.86719002343862e-7 409.3901952388686 1338.4521337089009 668.742538262088 1.0441720603922504 2.214738526533341 1.6714638867635978
497366 1.1324691163644964e-6 3.92616310412172e-6 2.010594564100072e-6 386.6561669693157 775.1731381862868 567.6250696338578 1.0222166815729605 1.4060964241586806 1.2248870802518037
1649890 2.0175472813273034e-7 1.7616969772010392e-6 6.061013913580431e-7 349.49430808533623 865.9049235965584 518.9946176355799 1.5231723000106219 4.11305098740545 2.905213006547415
1406661 2.6423623790603895e-8 2.3799289164286526e-6 7.109037077541681e-7 407.50445891618364 1119.4295005519132 630.1023600420768 1.079402157384031 7.78756965879116 2.9805075718207283
761776 5.573380033841892e-7 2.176185266873385e-6 1.3127223401905814e-6 341.6310519461394 1359.7235350992682 601.8787242498746 1.1753038238921982 1.3907455396110604 1.3106978701903802
1143878 1.2806760149714454e-7 3.119017930663734e-6 8.74219888496145e-7 341.1441563146461 839.7072405393709 507.4607962570478 1.0567379515528301 4.04467698438375 2.3087408138905547
3104985 3.4715588530495126e-9 1.5453901500052547e-6 3.2206280350387345e-7 356.30628944857824 1306.2827586041305 685.8335667994858 1.1418085361964876 21.445900305652426 4.831296431231922
1787794 1.2056642504948973e-7 1.2753587357773726e-6 5.593485924306725e-7 333.8237647755569 832.6084462203734 528.0445603841912 1.6140213735053872 3.6508133778678635 2.3516816144099186
2042901 3.232867585155976e-8 3.182912361588307e-6 4.895003698073973e-7 352.7229575966559 745.197048435353 508.05805464913453 1.010114436178467 8.422363877003654 4.563148184149918
2072522 1.407954378040105e-7 2.3115295719220805e-6 4.825040788566109e-7 370.73037851901626 977.7802039487196 593.7063625181779 1.0402677052935105 3.100151715384152 2.1199507561585174
662034 5.784330070258361e-7 3.5643256859546995e-6 1.5104992081936157e-6 359.4220001854905 776.2458724669852 552.8111948729911 1.0046423615361626 1.845421087535853 1.4273377716475368
1553662 7.59059973725139e-8 1.9071254446118247e-6 6.436411214849838e-7 364.9871000530238 1250.1620196570052 627.1268741968316 1.3292018127643415 4.74769793779488 2.545205280207623
2845118 1.1978404678374698e-8 2.2635841735263224e-6 3.514792752958036e-7 436.9309969922978 1541.4208650469445 983.4358686064319 1.1635067470647134 8.779309317728831 4.157945086573557
3740415 2.5910910974483683e-8 1.2226554754757283e-6 2.673500223914255e-7 415.1939422955839 2911.984434527872 1124.3013851582907 1.3578406323452408 5.740149912790755 2.934635414951344
869201 4.842516664623056e-7 2.443628542337675e-6 1.15048264527283e-6 411.3790474056466 878.8620922417765 614.8746493588937 1.1061008424987069 1.8905909381495707 1.4393291386771419
977783 2.8764630615727845e-8 2.5719362876471924e-6 1.0227222959181895e-6 390.25393863751236 1031.370720685332 633.9193328939165 1.0542466346673283 6.877651528321772 2.06550147363375
1683027 1.2745803767263666e-8 2.638002870115955e-6 5.941687500161854e-7 336.43763020035783 1079.0725394627148 567.9478855854702 1.1214463378777622 11.158282420476782 3.501569342505275
1178208 1.2979256286728437e-7 2.3562723870514684e-6 8.487475490400682e-7 382.9582032118078 764.8386712226031 559.4213011933089 1.0507926472206033 3.694436661939706 1.8590468904595814
1740886 2.724766501967521e-7 1.4327787237247346e-6 5.744201709620964e-7 458.12086614742185 1029.2731645668548 669.1217942415916 1.3947269605280568 2.565311167557413 1.9570997034833022
1621151 3.588381666832744e-8 2.56394014463401e-6 6.168461466541399e-7 427.3024044252126 1366.4396897799354 741.788096667088 1.0460640715532974 5.885407056595169 2.496643662597167
4344264 2.2658205689898647e-8 9.980520366453844e-7 2.3018867870064537e-7 425.39547408061514 1227.5280709857423 749.2540311484458 1.2053583759764392 6.829498884243676 3.1571405235443293
1238393 3.379647169199171e-7 2.1131787955520963e-6 8.07498479635393e-7 403.5468763359648 1001.9384294642291 610.5141622521379 1.0297306277513998 2.411389422113721 1.8383219403385382
2106646 1.169651139036331e-7 2.330283490944437e-6 4.746887955532269e-7 391.2803779075889 1159.7354300107845 668.4017000961259 1.0398651368139271 3.0178165612516574 2.270311230486997
1744079 1.0852271303593363e-7 2.137275085136709e-6 5.733690470509328e-7 445.2031408169251 1106.0755596020208 709.9950757923865 1.029295762730888 3.7232055041102603 2.222024833697357
883276 5.653991773539358e-7 3.0447865265923074e-6 1.1321492856572938e-6 377.66178283104136 977.9923703387683 627.4658624534896 1.0860272936909592 1.8239254783232088 1.5774767472327131
1111896 2.7744380642891617e-7 2.807431761525328e-6 8.993650682159066e-7 377.8649292608007 1075.7404870070106 592.5589095838953 1.1722083555112057 2.862215126979261 1.8237933390759076
836318 4.488515783688195e-7 2.6001852644498313e-6 1.1957179441436804e-6 387.5827293866176 1045.8301513502706 631.1300026197057 1.0409803727674267 1.7628958167686581 1.359188323149429
1598132 9.737978324096077e-8 2.0269035268249816e-6 6.257305764526633e-7 382.77811099302033 801.3206830681622 541.7467669740948 1.117290132640032 4.3527641139862645 2.314260952394041
1365756 1.664695030365631e-7 2.5684449675332848e-6 7.321957992388801e-7 335.00711972435823 763.3176674086137 491.1761688351617 1.2251950682705293 4.250518329771708 2.8288537514320735
2271543 5.519294437835739e-8 1.871008202730287e-6 4.402295174399277e-7 450.37343435763347 1439.0486149183887 850.4240817929282 1.070821527863537 3.7855133719037193 2.0150495123229843
1886534 2.79641336020161e-8 2.1734991189592928e-6 5.300728367526036e-7 447.90503302729763 1288.1782116839236 711.0732769171123 1.0547355175502338 8.049243616458622 3.241331474242814
1339598 1.2329553375992616e-7 2.8053474375310546e-6 7.464931812369596e-7 337.8472135355775 850.9589260905578 539.6724581329131 1.0372067889895438 4.078051865011176 2.354834531724796
1460364 8.975237900847124e-8 3.218623266267318e-6 6.847607985255764e-7 389.6990488292449 936.2207414779144 613.2390167431543 1.1507767085650056 4.865204589686203 2.612084141918814
1080419 3.070083732858271e-7 1.8755536134744973e-6 9.255680288515655e-7 340.70785061798017 751.457205751209 485.3759913377282 1.2996025537591966 2.4010410111336697 1.7585629961416014
1022359 1.6395380284096254e-7 2.9184579840230187e-6 9.781306540767914e-7 426.8644385695905 1246.9690098361189 706.4515783755359 1.0904723184755205 2.9533625461761353 1.7377527544425888
1000864 3.0871214125345915e-7 2.3840103946381353e-6 9.991372498909514e-7 384.3896885971645 1046.657265476427 612.0952339542116 1.1516855444756422 2.8828821405635003 1.7193203840092244
1589104 6.310393133258977e-8 2.9236133269504244e-6 6.29285724227748e-7 393.87684423930114 915.0705926653606 636.2796634267177 1.013642326281739 5.413468856746127 3.362717850408233
1617738 9.500730466345987e-9 2.2355611650183424e-6 6.181473844401041e-7 357.45700289006186 913.3486438205214 520.6115251078396 1.182775090471628 15.534109792618334 4.301591144518821
2636270 2.6953676873352213e-9 2.151992194315394e-6 3.793239402272698e-7 448.6731190329325 1485.506632824415 740.2168330012612 1.0449012494904235 22.474644882440618 5.51802315443986
793443 3.0791130983173113e-7 3.081478687609473e-6 1.2603301795468164e-6 345.7686490662033 1143.5809954037352 622.2278850577969 1.0443554093083183 2.2330500253346397 1.4762740394526532
2914194 8.078001223715501e-8 1.9519068872743616e-6 3.4314813149681304e-7 456.83444845304734 1472.6164012462664 794.6583998572265 1.0691516864072028 4.460177101378286 2.857411431530438
2197536 4.3305604353111846e-8 1.7206097334968733e-6 4.550554703667039e-7 371.41807673541155 930.6985213419542 638.1682068029885 1.2262028730231849 5.731416557608219 2.7080435173544433
2703188 2.3330431801825743e-8 2.3853473529648604e-6 3.699335955029008e-7 383.56146432661666 1047.211322068907 605.3022602743725 1.0345179866225598 9.182710647493908 4.43974997163232
1085797 4.634408344970825e-7 2.501155591506689e-6 9.209832622434636e-7 348.73519187095286 1119.9533341257427 519.4358177868443 1.120197487547045 2.44149745650181 1.9572122802480567
725148 5.360148422357943e-7 3.2097219512835964e-6 1.3790308056678316e-6 353.4193706459768 785.8279818518807 533.1193081203899 1.0129201839581556 1.9582105154192195 1.4505821668560686
2503406 1.7271367074717882e-7 1.4504210170139077e-6 3.9945616483066934e-7 472.3539851431252 1942.8794352818704 978.4621416033539 1.3513110716500156 2.6310091152423434 2.0087512791483704
1112761 3.970106443246726e-7 2.302880558523863e-6 8.986657937585071e-7 351.66432594205355 990.4800474102879 597.7170336999736 1.0120483054569285 2.343903879433732 1.6778904160299217
1670147 1.471272003873759e-7 2.923934712818636e-6 5.987502078583561e-7 421.85679148147113 1029.1602463309957 683.0170616975469 1.0480299797935038 3.4322454277636445 2.15172520654918
925743 2.1151413878745595e-7 2.8095037591926303e-6 1.080213617052147e-6 398.888839754419 843.6569790270743 613.1577888397117 1.1082697351278894 2.9138050675199754 1.8449689118001795
4365479 1.840845344927516e-8 1.9593557347237977e-6 2.2906996133002838e-7 500.31745348556956 1531.870288356039 854.0075219047603 1.056312499360565 8.021549123519218 3.4606180336381707
1832899 6.247846964330499e-8 2.5154915834710235e-6 5.455840379972399e-7 364.63551821380923 767.8340418142411 517.0841980705512 1.1091360836976039 5.717415413952322 2.9168261219081235
791402 2.726660746792212e-7 3.522088569298778e-6 1.2635803725265364e-6 392.6613938130365 1386.0583454406521 734.3174096644908 1.097396499278449 2.468843923269332 1.7208489672382483
1746672 3.3794998450021554e-9 2.2418031037771644e-6 5.725174537034542e-7 335.73982216798987 770.5812829016854 540.81081222399 1.1744349194376424 23.644799351020513 5.805864223072092
2102547 5.793508099353732e-8 1.3476956529516734e-6 4.7561384467683293e-7 412.3760690939551 1661.2798936211968 730.2139448336284 1.5173446327470073 4.128534995652989 2.25815147974999
2384869 5.192335775884478e-8 2.4333725600472817e-6 4.1931026650114024e-7 359.1360514842427 902.6933207589893 556.2727645048259 1.1041822477269363 6.064276479170927 3.39818398947748
919503 4.442701525063661e-7 2.3982076463189123e-6 1.0875445790597658e-6 361.4773647579997 743.2055543516834 508.94617515764867 1.024150494249967 2.0381346858402596 1.52081626129097
865607 4.7394420278616226e-7 2.1620252836154128e-6 1.1552589233477055e-6 393.5115787523402 1116.7361649939337 668.6989354720565 1.0512469309323307 1.8397200228420663 1.3637080887945245
929595 6.682232054914682e-7 1.999089070380459e-6 1.0757377939872069e-6 393.90109754159175 1131.2360166923063 661.7659177995225 1.0665701393415288 1.6589352153024295 1.4058995669042698
971182 4.646203706047037e-7 2.834380012227305e-6 1.0296734670811187e-6 375.3521869655955 824.8303510863864 558.5080448963911 1.033631509877766 1.9964243960373635 1.5736545991269042
2153791 5.754870082454916e-8 1.5776398142936838e-6 4.64298065793858e-7 376.091958523361 945.0555909365506 602.2855669002091 1.4345976689326292 5.20043214936133 2.7394057782315655
877221 6.072519687935167e-7 1.9928244663001874e-6 1.1399636205526738e-6 458.0902478763628 1129.9566662797417 701.2008543876825 1.1576644820104935 1.456886928869844 1.2751709932540245
3058319 3.0425932326604836e-8 1.147557611315888e-6 3.26977070276275e-7 394.7949719797106 2375.608456289234 752.8878285967326 1.625283787252443 7.111386731801937 2.8970692695543474
1570985 9.357065168744845e-8 2.968176560106691e-6 6.365441905435889e-7 335.9578869366808 972.5721048593986 536.3832371295846 1.038493155250274 5.146428243834708 2.6775260181071485
1196503 3.541782960839746e-7 1.8724071125813416e-6 8.35769588583445e-7 485.91865345312505 1505.6418070546479 773.7008513374037 1.131575147037647 1.9665333279645931 1.5907857805801946
1359981 3.5484193411025684e-7 2.1910647725588518e-6 7.353048905108167e-7 431.2452107847113 862.8485548645447 604.0258233174327 1.1998325077571437 2.4097894519462435 1.9893411326634214
1186360 2.2380785111881729e-7 2.818647068003091e-6 8.429155416999814e-7 376.2856160784307 938.6764531783954 606.5539995218464 1.064467544095906 2.83040052456741 1.8501501426487057
