88765 8.467408770831964e-6 1.6162195641324168e-5 1.126578775953964e-5 162.57104103729935 310.30803424887756 234.54467878304064 0.9999999999999996 1.0000000000000004 1.0
107998 7.1897190116844835e-6 1.2564134958619137e-5 9.259507811590338e-6 149.34509039162947 260.9826431378139 203.5676217573568 0.9999999999999996 1.0000000000000004 1.0
37818 2.0318044935660503e-5 3.7607674817103314e-5 2.6442586821243276e-5 167.41355981439315 309.87404238008685 239.46494093118693 0.9999999999999996 1.0000000000000004 1.0000000000000002
166979 4.345192653474622e-6 9.336845360438231e-6 5.988799710717071e-6 203.60555429180297 437.50271312566974 319.55546070994507 0.9999999999999996 1.0000000000000004 1.0
97506 8.062019069989653e-6 1.3710985305544117e-5 1.025579085357254e-5 140.58870906076703 239.0976388573673 188.63887469033168 0.9999999999999996 1.0000000000000004 1.0
122196 6.291129166418932e-6 1.1613750316620848e-5 8.183607928684252e-6 145.8745848710053 269.2920398575963 208.00378478770045 0.9999999999999996 1.0000000000000004 0.9999999999999999
80990 9.641731150365298e-6 1.6791472046984945e-5 1.2347236320933114e-5 142.90673479039592 248.87796653279557 195.13509673245989 0.9999999999999996 1.0000000000000004 1.0
144849 5.124543616696421e-6 1.0681073449179107e-5 6.903783507283686e-6 192.11313383593202 400.4209245810627 299.19325967390125 0.9999999999999996 1.0000000000000004 1.0
98576 7.834473368142227e-6 1.4287890511332987e-5 1.0144514537056545e-5 148.42520117229935 270.6860976892001 210.06971870063768 0.9999999999999996 1.0000000000000004 1.0
85072 9.289437765456003e-6 1.582308658875881e-5 1.1754847745239216e-5 139.30476695738966 237.28361666734767 188.1899048248766 0.9999999999999996 1.0000000000000004 0.9999999999999999
90570 8.105475836621065e-6 1.713556055061734e-5 1.1041231096962475e-5 152.58153239998703 322.5683648988458 238.1629956631888 0.9999999999999996 1.0000000000000004 1.0
50503 1.5328085530711636e-5 3.02997444783597e-5 1.9801016605208828e-5 175.79847133856214 347.50907088638706 270.7162442083267 0.9999999999999996 1.0000000000000004 1.0
63959 1.224906613618747e-5 2.2015414514335727e-5 1.5635189827614367e-5 145.07131075469542 260.7386559018698 205.21506544453206 0.9999999999999996 1.0000000000000004 1.0
102989 7.542942401092456e-6 1.355285838036118e-5 9.709867546738627e-6 139.88914410193323 251.34724065887767 196.0646074667954 0.9999999999999996 1.0000000000000004 1.0
55946 1.4253175546573448e-5 2.406812987347421e-5 1.7874576901058756e-5 145.04077062766117 244.91806004975197 196.10313340734777 0.9999999999999996 1.0000000000000004 0.9999999999999999
105077 7.659987250658209e-6 1.2487527347736025e-5 9.516896797204626e-6 138.81338146860355 226.29749118341542 182.71820361059045 0.9999999999999996 1.0000000000000004 1.0
139949 5.300619010703042e-6 1.0751881746396284e-5 7.14547867523174e-6 164.73015871397817 334.1419526627832 249.35317307320534 0.9999999999999996 1.0000000000000004 1.0
110746 6.905972887908807e-6 1.2830169960498755e-5 9.029740072627924e-6 155.7463868471187 289.35135518425255 222.46951195575838 0.9999999999999996 1.0000000000000004 1.0
52911 1.544293880745434e-5 2.4718483267657614e-5 1.889977789342167e-5 141.04440969945918 225.7603895619809 185.08889391331442 0.9999999999999996 1.0000000000000004 1.0
87853 8.711768065332862e-6 1.656006428867277e-5 1.1382703928207879e-5 154.03645854949048 292.80550598331126 225.30221628001937 0.9999999999999996 1.0000000000000004 1.0
52927 1.5391044119616813e-5 2.5352917278882588e-5 1.889424964190336e-5 136.51486373447676 224.87428537657195 183.77193808501707 0.9999999999999996 1.0000000000000004 0.9999999999999999
94231 8.059215619178989e-6 1.5939190717543894e-5 1.0612360559899269e-5 160.46319829349557 317.3576240670981 242.405750408561 0.9999999999999996 1.0000000000000004 1.0
82054 9.271439052811414e-6 1.8139317405026016e-5 1.218712854189245e-5 146.49439282380342 286.61228039694134 219.16542041827415 0.9999999999999996 1.0000000000000004 1.0
74760 1.0968186669128858e-5 1.709796993330893e-5 1.3376295705392952e-5 142.08686037628095 221.49485050885536 182.18807057623553 0.9999999999999996 1.0000000000000004 1.0
113591 6.644189883378501e-6 1.2767354591428175e-5 8.803540938365048e-6 154.17426340636663 296.25846406129824 224.79710626733447 0.9999999999999996 1.0000000000000004 1.0
76909 1.0212389385630486e-5 1.7706372102679015e-5 1.3002534070394195e-5 142.2472770267545 246.63015896872616 194.48689050174485 0.9999999999999996 1.0000000000000004 0.9999999999999999
93422 8.719515880363134e-6 1.5872121562565268e-5 1.0704132403748716e-5 123.1960263520492 224.25354034716028 183.26893811367776 0.9999999999999996 1.0000000000000004 1.0
94574 7.88277741093829e-6 1.67184480238947e-5 1.0573748236898686e-5 163.2444794964305 346.22242940181644 259.68934325195414 0.9999999999999996 1.0000000000000004 1.0
116333 6.408479395400915e-6 1.2885765796861924e-5 8.596077846190062e-6 153.89592318078456 309.4442067836879 231.97596909746824 0.9999999999999996 1.0000000000000004 1.0
77009 9.65949227869242e-6 1.8960110744983243e-5 1.2985499842477828e-5 168.9240701870773 331.5721971542239 248.10018405217343 0.9999999999999996 1.0000000000000004 1.0
86957 8.992502399766176e-6 1.5504149987686207e-5 1.1500067262172513e-5 136.66487609931235 235.62659679105394 184.86730285908524 0.9999999999999996 1.0000000000000004 1.0
130480 5.746038426627685e-6 1.1027564910828407e-5 7.66404838858419e-6 151.29251745042478 290.35448996925084 218.81577097746145 0.9999999999999996 1.0000000000000004 1.0
192872 3.7045749298887384e-6 7.954692733268266e-6 5.184790017713357e-6 228.06429288015437 489.7137748935245 352.3053497946411 0.9999999999999996 1.0000000000000004 1.0
130515 5.76090845022137e-6 1.1954034505268188e-5 7.661963399352536e-6 157.78316466740262 327.40416048654026 247.62973756540362 0.9999999999999996 1.0000000000000004 1.0
103138 7.46831495212176e-6 1.4025249770395813e-5 9.695809216900658e-6 150.6511934286703 282.91798479187435 219.04127021229075 0.9999999999999996 1.0000000000000004 1.0
83819 9.014035673813042e-6 1.873205219348807e-5 1.1930519497962339e-5 181.85728295490753 377.9173102203002 287.38112376646495 0.9999999999999996 1.0000000000000004 1.0
119611 6.235595509438087e-6 1.1890948027039898e-5 8.360440139718694e-6 153.48215535101886 292.68228344745387 219.4271904188492 0.9999999999999996 1.0000000000000004 1.0
56775 1.332997970416791e-5 2.425603941647331e-5 1.7613620736465198e-5 164.2596289798844 298.89678180271943 227.4367230523813 0.9999999999999996 1.0000000000000004 0.9999999999999999
107416 6.9546459460038785e-6 1.3171635624990072e-5 9.309634104797906e-6 161.34217111345012 305.5713123789233 229.525185585938 0.9999999999999996 1.0000000000000004 1.0
81288 9.628529032918726e-6 1.6445335998850066e-5 1.2302009658616624e-5 143.63098880831808 245.3188709017008 192.7540930145658 0.9999999999999996 1.0000000000000004 1.0
65317 1.1699173746120431e-5 2.1089565159697366e-5 1.5310197138242445e-5 149.01594292483907 268.62422136343446 206.2356382756532 0.9999999999999996 1.0000000000000004 1.0
68422 1.1404827333194267e-5 2.0257338000656705e-5 1.4615399954475546e-5 145.12559679200206 257.7731499893925 202.037019064239 0.9999999999999996 1.0000000000000004 1.0
99017 8.013725358710758e-6 1.3472099403989073e-5 1.0099340580522651e-5 139.19802587037046 234.00972174898297 186.33297376439253 0.9999999999999996 1.0000000000000004 1.0
110199 6.717659892875329e-6 1.565917448270307e-5 9.07449701020845e-6 175.18706953674982 408.36912447724484 304.2996254899022 0.9999999999999996 1.0000000000000004 1.0
90490 8.982791455144152e-6 1.4581758317176485e-5 1.1051016581099007e-5 139.26207932334546 226.0640240376034 184.3640093003931 0.9999999999999996 1.0000000000000004 1.0
78584 9.550420860327172e-6 1.889042868645522e-5 1.2725357994785803e-5 154.7441179654208 306.07894330785075 230.98986377960185 0.9999999999999996 1.0000000000000004 1.0
61944 1.2308934013377726e-5 2.4064786696521297e-5 1.6143670770457297e-5 169.94161313827703 332.2471845726579 254.85795940520333 0.9999999999999996 1.0000000000000004 1.0000000000000002
99996 7.749567275123915e-6 1.3761507837462076e-5 1.0000459702544988e-5 146.08819272422159 259.4201376363818 201.92619807229315 0.9999999999999996 1.0000000000000004 1.0
106978 7.061934119609948e-6 1.370061544694118e-5 9.3477703186366e-6 151.8419602997416 294.58336364250493 223.7357916518232 0.9999999999999996 1.0000000000000004 1.0
74024 1.0962485428754017e-5 1.788247093638202e-5 1.350914317878057e-5 137.5638324500426 224.39995488913607 182.6733365931542 0.9999999999999996 1.0000000000000004 1.0
79530 1.0250108346676983e-5 1.648696927349367e-5 1.2574040999398158e-5 138.83947604854833 223.3188272885396 182.61963139250523 0.9999999999999996 1.0000000000000004 1.0
29981 2.507296097313804e-5 5.218369315007664e-5 3.3355437388141454e-5 189.67600402328912 394.7676703397038 298.69150006515713 0.9999999999999996 1.0000000000000004 1.0
115933 6.636271843124375e-6 1.3074662113252774e-5 8.625742639808211e-6 150.22930263405016 295.97904032289466 228.97281271013458 0.9999999999999996 1.0000000000000004 1.0
59935 1.3613472008826394e-5 2.174474111578917e-5 1.668479875257296e-5 139.6315681813734 223.03291178966342 182.5528228636783 0.9999999999999996 1.0000000000000004 1.0
58196 1.290533285358428e-5 2.660242132098894e-5 1.7183468794215616e-5 163.39674451735885 336.81804951830594 254.49860897815714 0.9999999999999996 1.0000000000000004 1.0
66156 1.1980407134621463e-5 2.2391636066747842e-5 1.511596828280441e-5 129.38325898785283 241.82006636599348 192.40129872217432 0.9999999999999996 1.0000000000000004 1.0
70304 1.0748208087131191e-5 1.9864120963622848e-5 1.4223949662064303e-5 151.86618114215779 280.668942026081 213.1398526174224 0.9999999999999996 1.0000000000000004 1.0000000000000002
63984 1.2045287435904233e-5 2.1551279455158532e-5 1.5628998648199908e-5 151.69670759340755 271.4138749423354 210.18996245206657 0.9999999999999996 1.0000000000000004 1.0
69384 1.1618301848709801e-5 1.9004678775540196e-5 1.4412584887333758e-5 142.40600183154874 232.9411264881289 188.45150334828267 0.9999999999999996 1.0000000000000004 1.0000000000000002
126495 6.046909876323499e-6 1.110207846353791e-5 7.905492978245382e-6 153.96846710459695 282.6848816449007 217.3299131045949 0.9999999999999996 1.0000000000000004 1.0
69291 1.1164924889039179e-5 1.902497987606374e-5 1.4431955826781427e-5 146.80316130501782 250.15190136320328 194.29942909012252 0.9999999999999996 1.0000000000000004 0.9999999999999999
109513 6.805338242108526e-6 1.3269077230442766e-5 9.131358628483487e-6 172.91855129545738 337.1573212215234 252.78882241771504 0.9999999999999996 1.0000000000000004 1.0
63567 1.2191219548778431e-5 2.1695842190095814e-5 1.5731705046018108e-5 148.90745510750597 264.9999562402223 206.32410472289254 0.9999999999999996 1.0000000000000004 1.0
122207 6.005009516187007e-6 1.187176579145963e-5 8.18284304780602e-6 172.33247877843812 340.6973495719591 251.52227636807862 0.9999999999999996 1.0000000000000004 1.0
127932 5.693862450793146e-6 1.3755709691150771e-5 7.81665390582462e-6 176.67217729613589 426.819439772493 312.9782249635252 0.9999999999999996 1.0000000000000004 1.0
62772 1.2161224074501034e-5 2.2571585965831732e-5 1.5930800759844444e-5 148.897802258653 276.3586562681184 212.00783051016313 0.9999999999999996 1.0000000000000004 1.0000000000000002
115848 6.943144742994487e-6 1.183771425915805e-5 8.632016375801807e-6 136.8288493975123 233.286339480595 188.31942626682 0.9999999999999996 1.0000000000000004 1.0
88813 9.017231442739814e-6 1.5110809100807289e-5 1.125962615934366e-5 141.9693229648323 237.90798219110738 191.25665364106214 0.9999999999999996 1.0000000000000004 1.0
76874 9.681551144874623e-6 1.9003659518138064e-5 1.3008309570723922e-5 145.0511535106997 284.7170554369064 212.94843551141832 0.9999999999999996 1.0000000000000004 1.0
119888 6.4570711496665826e-6 1.1675454891759505e-5 8.341183757471013e-6 136.59343784083214 246.9835758435682 191.94129070617086 0.9999999999999996 1.0000000000000004 0.9999999999999999
58331 1.3878327848926909e-5 2.2392720268374547e-5 1.7143834721782324e-5 142.43106570532905 229.81291741948004 186.6857107295858 0.9999999999999996 1.0000000000000004 1.0
161027 4.625788195322892e-6 9.685582197247836e-6 6.210164498640193e-6 224.135013630818 469.2990699395867 351.9535066092951 0.9999999999999996 1.0000000000000004 1.0
122560 6.1014216987365395e-6 1.2071829907673403e-5 8.159300040409172e-6 180.6207987971144 357.3631964036152 268.9042028563441 0.9999999999999996 1.0000000000000004 1.0
112164 6.782386401902714e-6 1.2927010302982387e-5 8.915521106320126e-6 146.92482980793048 280.0339992658377 214.09223615805118 0.9999999999999996 1.0000000000000004 1.0
93929 7.875313627715486e-6 1.5919673074261027e-5 1.0646393571757795e-5 162.15295820191395 327.786575192894 243.8763072919628 0.9999999999999996 1.0000000000000004 1.0
118895 6.364926384273443e-6 1.1980895026034868e-5 8.410841348289942e-6 163.9590776353792 308.62517162312963 234.88453519259636 0.9999999999999996 1.0000000000000004 1.0
119812 6.563287247822605e-6 1.1558496801883533e-5 8.346444935436528e-6 143.71262049389338 253.08992302905014 199.88528892723266 0.9999999999999996 1.0000000000000004 1.0000000000000002
63247 1.1967180995579573e-5 2.0813811258401005e-5 1.581106171757197e-5 144.4418045768363 251.21910159089327 190.85831031601444 0.9999999999999996 1.0000000000000004 1.0
123262 6.098441248945981e-6 1.2389956675738157e-5 8.112813255377112e-6 166.09218398573202 337.44277918847257 255.1978678992834 0.9999999999999996 1.0000000000000004 1.0
150199 4.929699123741173e-6 1.0338611237892088e-5 6.657859279105165e-6 206.4200343271905 432.9060320017228 322.68891128308854 0.9999999999999996 1.0000000000000004 1.0
131291 5.497029541406288e-6 1.2950974497280972e-5 7.616694384166378e-6 177.16709990884644 417.40481388966856 303.2212281697168 0.9999999999999996 1.0000000000000004 1.0
99461 7.787112946490395e-6 1.3970641095947823e-5 1.005422015792602e-5 139.7994619999574 250.81029675937177 195.04679275420767 0.9999999999999996 1.0000000000000004 1.0
88762 8.868926998086276e-6 1.5396828366979045e-5 1.1266150951524723e-5 144.66558579216667 251.14551010861803 198.55395765329496 0.9999999999999996 1.0000000000000004 1.0
249671 2.8087961187732553e-6 6.795043173078867e-6 4.005285007502681e-6 317.9409067743205 769.1630494572596 543.242453387746 0.9999999999999996 1.0000000000000004 1.0
82226 9.039378351621342e-6 1.9446444782049414e-5 1.216168086943934e-5 170.3015302286024 366.37024970804777 274.0328059658578 0.9999999999999996 1.0000000000000004 1.0
102773 7.899202966151646e-6 1.273593525907731e-5 9.730233697576092e-6 138.1108551882241 222.67701156563203 181.3295948226273 0.9999999999999996 1.0000000000000004 0.9999999999999999
127107 5.88475748391494e-6 1.1483157788462265e-5 7.867414711666293e-6 206.11114121334842 402.1927433683042 302.80398628825355 0.9999999999999996 1.0000000000000004 1.0
28353 2.8904723832666412e-5 4.5884748819262893e-5 3.527012547416691e-5 138.84908424053714 220.41571443632094 181.18801431090807 0.9999999999999996 1.0000000000000004 1.0
72544 1.0506336004994682e-5 2.137269734899943e-5 1.3784895808475747e-5 161.03158318831117 327.58130802953883 251.16599627320016 0.9999999999999996 1.0000000000000004 1.0
306704 2.390525839950171e-6 5.388244888507269e-6 3.2604798029297743e-6 306.07894838126253 689.9019042309938 509.39510966318966 0.9999999999999996 1.0000000000000004 1.0000000000000002
93212 8.480114827592149e-6 1.4588237001544632e-5 1.072829652479173e-5 143.36652797795801 246.631670767704 195.74456315724711 0.9999999999999996 1.0000000000000004 1.0
69093 1.1323881018171432e-5 2.1642256000702367e-5 1.4473492875688854e-5 140.19395083922103 267.9393547974816 210.64960916478748 0.9999999999999996 1.0000000000000004 1.0
102511 7.26668437356143e-6 1.5248017933928123e-5 9.755089283106216e-6 173.6192212841846 364.31319481107516 273.0964033115825 0.9999999999999996 1.0000000000000004 0.9999999999999999
90413 8.253732994201198e-6 1.561316897994203e-5 1.1060462952954608e-5 170.25106798751682 322.0553288278447 241.72289016759348 0.9999999999999996 1.0000000000000004 1.0
94960 7.961781059144267e-6 1.4923986620987777e-5 1.0530750938447724e-5 162.55307151478175 304.6981380756296 231.64999192490504 0.9999999999999996 1.0000000000000004 1.0
81737 9.528938494090234e-6 1.6509153741706527e-5 1.2234382123371e-5 145.30675737394733 251.74804084244204 196.89452334981547 0.9999999999999996 1.0000000000000004 1.0
91849 8.829000322800707e-6 1.4402795161044097e-5 1.0887480727261505e-5 138.7658350389524 226.3694443702629 184.17568510311898 0.9999999999999996 1.0000000000000004 1.0
121727 5.960766253757123e-6 1.202490506950155e-5 8.215132824028218e-6 159.52076104377312 321.8079566460001 234.8115438374782 0.9999999999999996 1.0000000000000004 1.0
47877 1.6474593698557373e-5 2.8710694213840105e-5 2.0887222089981593e-5 152.3593923695382 265.5205952248364 210.44590417816931 0.9999999999999996 1.0000000000000004 1.0
177049 4.190279673005148e-6 8.829854764356646e-6 5.648158355803274e-6 259.69170656805505 547.2284027427089 408.80668634621344 0.9999999999999996 1.0000000000000004 0.9999999999999999
