59771 1.2721222284815453e-5 2.393327214507102e-5 1.6730536225745353e-5 80.38918237672577 151.2414559124918 115.65027593319087 0.9999999999999996 1.0000000000000004 0.9999999999999999
65590 1.1167508892879367e-5 2.310043069191944e-5 1.5246349101105287e-5 112.00090757841885 231.678275590811 170.8869370097349 0.9999999999999996 1.0000000000000004 1.0
51857 1.4799262530421784e-5 2.8279605623947142e-5 1.9283858807108654e-5 75.7876314274152 144.8210222323342 111.73787059155742 0.9999999999999996 1.0000000000000004 1.0
41436 1.8623014867943124e-5 3.351211279756683e-5 2.4133770213867658e-5 70.44431460475907 126.76453483617442 98.23427220286827 0.9999999999999996 1.0000000000000004 1.0
62155 1.2146381569852167e-5 2.450905663195034e-5 1.60888712369088e-5 103.31285091824668 208.46541823190628 158.4622587834231 0.9999999999999996 1.0000000000000004 1.0
51508 1.4933329399110143e-5 2.9019174343857247e-5 1.9414609787812934e-5 79.19513627766237 153.8958530549766 119.06783308518372 0.9999999999999996 1.0000000000000004 1.0
51567 1.4886697903356064e-5 2.823431783727917e-5 1.9392628166486563e-5 74.6200469427097 141.52541658940956 109.21600717422929 0.9999999999999996 1.0000000000000004 1.0
39249 2.0419406691847854e-5 3.333825234387093e-5 2.547862725101563e-5 70.98071402362665 115.8884286590238 93.21061123588525 0.9999999999999996 1.0000000000000004 1.0
33812 2.4047723037994862e-5 3.9049646552496293e-5 2.9575518371901035e-5 68.6667397115173 111.50377569678602 90.94979898402315 0.9999999999999996 1.0000000000000004 1.0
27949 2.8726319210898033e-5 4.7843838464461e-5 3.578018547971202e-5 69.47925988991051 115.71807938213271 93.23431242668984 0.9999999999999996 1.0000000000000004 1.0
64898 1.1539967358098135e-5 2.264753332679249e-5 1.5409001500599884e-5 91.85668028241557 180.27150020703186 135.8734130561617 0.9999999999999996 1.0000000000000004 1.0
32100 2.3714973105384924e-5 4.473125992194631e-5 3.115341859484281e-5 80.5054335428871 151.84961234968287 116.25240967461863 0.9999999999999996 1.0000000000000004 1.0
65435 1.1502088759447913e-5 2.3308700227000713e-5 1.5282483950269108e-5 147.60912017331205 299.1262547913254 226.7595688552674 0.9999999999999996 1.0000000000000004 1.0
30871 2.452452380314247e-5 4.720781946625371e-5 3.2393000864650467e-5 93.70496149472834 180.37483381302465 137.44654901350603 0.9999999999999996 1.0000000000000004 1.0
61616 1.2686979307799023e-5 2.1759359384456005e-5 1.622978726701287e-5 69.85648569203993 119.8104245802467 93.99577296593078 0.9999999999999996 1.0000000000000004 0.9999999999999999
57288 1.3160953178952637e-5 2.5722464801169553e-5 1.7455855778381195e-5 79.81676740963863 155.9981228047309 118.29555826291883 0.9999999999999996 1.0000000000000004 1.0
52371 1.4450553213030385e-5 2.7523180745794783e-5 1.909485300928462e-5 70.31243075392435 133.92025286418826 101.81751914238743 0.9999999999999996 1.0000000000000004 1.0
55093 1.3933268216343352e-5 2.6796448534817668e-5 1.8151300150361115e-5 75.18217918779618 144.59029741336136 111.58643117251921 0.9999999999999996 1.0000000000000004 1.0
28245 2.7727685222630567e-5 4.970851394714281e-5 3.540553095498186e-5 85.21443813996433 152.76728124860367 120.33879432146985 0.9999999999999996 1.0000000000000004 1.0
97234 7.4785801305167456e-6 1.6136654221566263e-5 1.0284545822818579e-5 118.74010026585476 256.20744938007556 187.6213486406882 0.9999999999999996 1.0000000000000004 1.0
40040 1.9303883261691642e-5 3.731309950436086e-5 2.4975182152661854e-5 92.45363355176728 178.70661469978762 139.02310448513376 0.9999999999999996 1.0000000000000004 1.0
43895 1.7429126166987914e-5 3.1601684698815526e-5 2.278167882488044e-5 78.23442056005278 141.8510295608575 109.09983782883835 0.9999999999999996 1.0000000000000004 0.9999999999999999
29785 2.6760165615481027e-5 4.5731096208906584e-5 3.357470428056081e-5 73.33393324988607 125.32213757630704 100.33094519753296 0.9999999999999996 1.0000000000000004 1.0
76689 9.693225838468567e-6 1.950658872794626e-5 1.303970826148243e-5 126.50930248867839 254.58655096143713 190.58222702329476 0.9999999999999996 1.0000000000000004 1.0
21581 3.498910142942921e-5 6.298505804304865e-5 4.6338566231992754e-5 82.2696106531882 148.09629257331298 112.42426856458644 0.9999999999999996 1.0000000000000004 1.0000000000000002
83266 8.911218570161422e-6 1.8816526428977034e-5 1.200980463597193e-5 105.82029143748794 223.4453453114523 166.94109531555125 0.9999999999999996 1.0000000000000004 1.0
162885 4.466084870658649e-6 9.70701385997838e-6 6.139316232283929e-6 181.96578666851664 395.50175699474875 289.8038275839626 0.9999999999999996 1.0000000000000004 1.0
98312 7.458355539876113e-6 1.641482883799231e-5 1.0171723244114891e-5 110.95170403331274 244.18965028592118 180.2952965407457 0.9999999999999996 1.0000000000000004 1.0
57227 1.30703592346161e-5 2.470658477121535e-5 1.7474402729759642e-5 80.26395636856124 151.7210205547372 114.12362853073299 0.9999999999999996 1.0000000000000004 1.0
63226 1.1580845468672592e-5 2.27066575866125e-5 1.5816441877906457e-5 92.36194450801847 181.0948132975707 133.44632584117505 0.9999999999999996 1.0000000000000004 1.0
63071 1.1977676615352878e-5 2.2742012913448915e-5 1.5855201543495143e-5 88.77023968398154 168.54804166572384 128.11569703187615 0.9999999999999996 1.0000000000000004 1.0
50210 1.5199348066487617e-5 2.76990180587152e-5 1.9916558364907076e-5 85.39970046637673 155.63087542172931 119.47036346764467 0.9999999999999996 1.0000000000000004 1.0
40387 1.9110260580341178e-5 3.616810856529919e-5 2.476050040103195e-5 75.62322322066893 143.12462857344136 111.06641521393125 0.9999999999999996 1.0000000000000004 1.0
37744 2.0367658285885875e-5 3.833559117041438e-5 2.6494849631367557e-5 81.3683124498088 153.14977875802177 118.41279939691177 0.9999999999999996 1.0000000000000004 1.0
54748 1.386599303303147e-5 2.7014632162293493e-5 1.826555840664732e-5 75.70479018545997 147.493010771886 112.58113924666833 0.9999999999999996 1.0000000000000004 1.0
59419 1.2811737720789025e-5 2.397113631036528e-5 1.682977785284404e-5 84.23574415402577 157.60754312388855 120.6958378527363 0.9999999999999996 1.0000000000000004 1.0
24667 3.232964796021579e-5 5.3500485069264804e-5 4.054110108539825e-5 70.31381364842264 116.35830807343542 93.11846639335751 0.9999999999999996 1.0000000000000004 1.0
15899 4.850747062591057e-5 8.631204368976938e-5 6.289829241236763e-5 88.48722527488707 157.45024746420995 122.15098592247791 0.9999999999999996 1.0000000000000004 1.0
51426 1.52795505833697e-5 2.6147264820291752e-5 1.9445441524276353e-5 73.71948872502338 126.15312103535712 99.5621598477475 0.9999999999999996 1.0000000000000004 1.0
74569 9.878377310708457e-6 2.1661980161554274e-5 1.3410493110636691e-5 99.15627184127113 217.43664227027318 161.26179564922768 0.9999999999999996 1.0000000000000004 1.0
41272 1.9550055412679962e-5 3.323198794725473e-5 2.4229962014137813e-5 66.44617472459652 112.94793958265714 91.42600996106198 0.9999999999999996 1.0000000000000004 1.0
44359 1.8351452330866306e-5 3.0044714273282074e-5 2.254347241539063e-5 69.82864895362489 114.32238539356727 93.39526647990434 0.9999999999999996 1.0000000000000004 1.0
47411 1.6229366741560328e-5 3.0716377987466e-5 2.1092170928106017e-5 73.82170528536724 139.71804564733443 108.0686157398163 0.9999999999999996 1.0000000000000004 1.0
50138 1.4884714412658257e-5 2.7793022608606583e-5 1.9945091209576187e-5 93.93072983296736 175.38925003965528 131.72354065020252 0.9999999999999996 1.0000000000000004 1.0
37648 2.0529373011652195e-5 4.023364544668828e-5 2.656262117941555e-5 69.87143451817727 136.9346507397109 106.37313845625515 0.9999999999999996 1.0000000000000004 1.0
57078 1.3542701516619451e-5 2.5486821528045776e-5 1.7520109504064028e-5 77.43706059850061 145.73344474205837 113.27059897903942 0.9999999999999996 1.0000000000000004 1.0
59662 1.2839420775023708e-5 2.4286483950662802e-5 1.676123951259638e-5 78.99442758801017 149.42238683695297 115.11068242621627 0.9999999999999996 1.0000000000000004 1.0
37003 2.063884367579627e-5 3.965348896269775e-5 2.702493171566558e-5 87.38229329142285 167.8879329189438 129.01370036863455 0.9999999999999996 1.0000000000000004 1.0
38852 1.9886313153661228e-5 3.694916761131097e-5 2.573930382509068e-5 78.58054571524666 146.00422572981446 113.43602386542577 0.9999999999999996 1.0000000000000004 0.9999999999999999
91884 7.874249559686651e-6 1.654261743557197e-5 1.0883318157632288e-5 120.33553589354878 252.80691437353084 184.1975921380497 0.9999999999999996 1.0000000000000004 1.0
26350 3.0542590116957476e-5 4.9036920358012346e-5 3.795071350695107e-5 71.50369119587464 114.8010302023887 92.71132517335606 0.9999999999999996 1.0000000000000004 1.0
99405 7.387771679585983e-6 1.5387050130009834e-5 1.0059918912460085e-5 127.8114359638198 266.2021862151065 196.88207688499526 0.9999999999999996 1.0000000000000004 1.0000000000000002
67724 1.0905656467249648e-5 2.1258854815628074e-5 1.4765920861488876e-5 80.3347198369884 156.59984805109093 116.32440467194479 0.9999999999999996 1.0000000000000004 1.0
16429 4.674848196464181e-5 7.965464748523717e-5 6.086917215341313e-5 78.79305623070101 134.2553352446392 103.59699030948462 0.9999999999999996 1.0000000000000004 1.0
37675 2.1445394345189907e-5 3.8433694282146615e-5 2.6543059934890943e-5 66.88851821919235 119.87528971687308 97.25170758687022 0.9999999999999996 1.0000000000000004 1.0
49843 1.5889372647420398e-5 2.6485566146632072e-5 2.0063040190305373e-5 71.89148261624182 119.83397082206677 95.26916975895698 0.9999999999999996 1.0000000000000004 1.0000000000000002
78182 9.555117445276817e-6 1.971181469449885e-5 1.2790782265866827e-5 84.45784848173767 174.233071262877 130.98070667405813 0.9999999999999996 1.0000000000000004 1.0
61001 1.217403273436458e-5 2.3496296502601914e-5 1.6393408261218964e-5 82.79338469800861 159.7940434172762 119.36259304058305 0.9999999999999996 1.0000000000000004 1.0
48415 1.5656154945401084e-5 2.979663501569044e-5 2.0655077468057002e-5 81.19975661835947 154.53855175538243 117.81425786162087 0.9999999999999996 1.0000000000000004 1.0
62809 1.1786065671348085e-5 2.3964417627275227e-5 1.592144107958454e-5 88.98812124280772 180.9381146172867 134.7953198324386 0.9999999999999996 1.0000000000000004 1.0
61718 1.1985776407969806e-5 2.3611810999254323e-5 1.6202938340113094e-5 83.15666440896025 163.8174596722158 121.90425170342581 0.9999999999999996 1.0000000000000004 1.0000000000000002
67895 1.0539364843330876e-5 2.1973282471981997e-5 1.4728837939752884e-5 98.6327855162669 205.63725512536635 148.13077746692503 0.9999999999999996 1.0000000000000004 1.0
33007 2.2326016453205e-5 4.776046163596088e-5 3.0297261313512568e-5 95.56026468718125 204.42528854533765 151.65635663368388 0.9999999999999996 1.0000000000000004 1.0
121945 6.024462254520125e-6 1.270082210967743e-5 8.200452389474466e-6 184.7025944204593 389.3915665535215 288.1320122908032 0.9999999999999996 1.0000000000000004 1.0
43995 1.8149930208076685e-5 3.2161066016183994e-5 2.2729866070624256e-5 66.74348606761397 118.26721298441045 94.79565002939549 0.9999999999999996 1.0000000000000004 1.0
37026 2.1120079069351745e-5 3.780670895983584e-5 2.7008314658628346e-5 75.57246195219473 135.2810311468494 106.32483451910814 0.9999999999999996 1.0000000000000004 1.0
139760 5.2899494976398845e-6 1.142711400580111e-5 7.155153740102746e-6 148.98252927442715 321.8254442033948 239.6594656890334 0.9999999999999996 1.0000000000000004 0.9999999999999999
26685 3.08784464618514e-5 4.840981343511623e-5 3.747472797219197e-5 69.79592090382644 109.42284656906872 90.44129002610637 0.9999999999999996 1.0000000000000004 1.0
42397 1.8152682624022966e-5 3.2267039451189245e-5 2.3587079644507677e-5 76.45192568725061 135.89601897216446 105.1041114810855 0.9999999999999996 1.0000000000000004 1.0
68180 1.0846392926189462e-5 2.254110901738352e-5 1.4667121073058282e-5 93.14712153230435 193.5795093726873 144.09533576382967 0.9999999999999996 1.0000000000000004 1.0
24245 3.229162754946911e-5 5.709594126812665e-5 4.124640528456626e-5 72.7609843385785 128.65120787245252 101.18242669217751 0.9999999999999996 1.0000000000000004 1.0
72120 1.037182865217597e-5 2.0603988547106978e-5 1.3865821085546756e-5 97.62086999026985 193.92716122591938 146.02669527134302 0.9999999999999996 1.0000000000000004 0.9999999999999999
80761 9.16333539819863e-6 1.926732081329023e-5 1.2382304229704152e-5 92.05176090998474 193.5529729960147 144.18295021790954 0.9999999999999996 1.0000000000000004 1.0
72576 1.0345023090425764e-5 2.0460860942714002e-5 1.3778817294492265e-5 103.88323923636699 205.4650331579411 155.31470051994492 0.9999999999999996 1.0000000000000004 1.0
34280 2.236222537027149e-5 4.310694356789003e-5 2.9172278414705652e-5 86.44079216836845 166.62913857040385 128.51178546296921 0.9999999999999996 1.0000000000000004 0.9999999999999999
56790 1.340125974241902e-5 2.6250862556079677e-5 1.7608798256051427e-5 80.54826754143573 157.78080128300599 120.78675596269156 0.9999999999999996 1.0000000000000004 1.0
58223 1.301435908786035e-5 2.670998898994004e-5 1.7175429550810033e-5 79.60967771566277 163.38673314012715 124.55187124728815 0.9999999999999996 1.0000000000000004 1.0
52030 1.4493287174732467e-5 2.7147971653506284e-5 1.9219972851030047e-5 80.88893360765998 151.51638480548095 114.90092804245675 0.9999999999999996 1.0000000000000004 1.0
23153 3.464183384230001e-5 5.772015867113427e-5 4.31924359458027e-5 70.84692604967371 118.04501550249846 95.03335682828792 0.9999999999999996 1.0000000000000004 1.0000000000000002
55927 1.3731419673840065e-5 2.766841305495857e-5 1.7880643387352802e-5 77.0053801268929 155.16361129534482 119.86641130897152 0.9999999999999996 1.0000000000000004 1.0
95779 7.630631816374421e-6 1.5707041228623062e-5 1.044077947703003e-5 142.78346915059714 293.90827531498525 216.33543028996007 0.9999999999999996 1.0000000000000004 1.0
58048 1.3271098318517387e-5 2.2965201712034216e-5 1.722729202187182e-5 75.2792411871327 130.26826545163559 100.80784053954896 0.9999999999999996 1.0000000000000004 1.0
47293 1.7202061480815318e-5 2.7239825744984032e-5 2.1144826799995218e-5 70.257376027105 111.25403094347332 90.79279263245253 0.9999999999999996 1.0000000000000004 1.0
20129 3.756447867097912e-5 6.735555442100431e-5 4.967964665631763e-5 77.30776553003426 138.61785368918953 105.32694177078658 0.9999999999999996 1.0000000000000004 1.0
34011 2.315154306676254e-5 3.932170623044685e-5 2.940263100062993e-5 74.23063400078075 126.07691742452344 99.7150565928508 0.9999999999999996 1.0000000000000004 1.0
52950 1.5219868293427184e-5 2.495652577121147e-5 1.8886084073649557e-5 68.85997688647859 112.91200125000942 91.28787535627892 0.9999999999999996 1.0000000000000004 1.0
32840 2.437366105785408e-5 3.967882687904408e-5 3.045095300954462e-5 70.475377525442 114.72959673270717 92.14401533168463 0.9999999999999996 1.0000000000000004 1.0
61090 1.2481927623681567e-5 2.367962066373645e-5 1.6369523134014882e-5 108.67858578084525 206.1755013447762 158.27431483927128 0.9999999999999996 1.0000000000000004 1.0
61246 1.2392560682353055e-5 2.3443792232013897e-5 1.6327785482930446e-5 79.64416391727138 150.6679111144314 114.99506558207365 0.9999999999999996 1.0000000000000004 1.0
40361 1.9927206049448182e-5 3.214608849903158e-5 2.4776776722116476e-5 71.38825976357951 115.16181999911785 92.94604496111376 0.9999999999999996 1.0000000000000004 1.0
47460 1.6000872201713136e-5 3.0677732508536796e-5 2.1070483677746336e-5 92.72163690474201 177.77090766419613 135.86589653997186 0.9999999999999996 1.0000000000000004 1.0
41901 1.7757458514203076e-5 3.5570937124758036e-5 2.3866033931471197e-5 91.6549159130415 183.5989789028713 137.49369185994084 0.9999999999999996 1.0000000000000004 0.9999999999999999
41780 1.86802212972028e-5 3.41125435571585e-5 2.3935081102810222e-5 75.05049329527421 137.05208202777735 107.51395717337176 0.9999999999999996 1.0000000000000004 1.0
35308 2.197894239879967e-5 3.933345286797275e-5 2.832282159484917e-5 76.9844566843239 137.77116494580358 107.45896705392484 0.9999999999999996 1.0000000000000004 1.0
46195 1.692475682160956e-5 3.0067561807782765e-5 2.1647457543788323e-5 71.69235018039222 127.36455790264934 100.0231630282494 0.9999999999999996 1.0000000000000004 1.0
44644 1.6821012583523776e-5 3.202546320066454e-5 2.2399774714564042e-5 90.06332401478284 171.47122711210338 129.57422500613862 0.9999999999999996 1.0000000000000004 1.0
41223 1.8819037150005312e-5 3.275630269783532e-5 2.425853949801639e-5 72.52652885498686 126.23923922678301 98.34221545444082 0.9999999999999996 1.0000000000000004 1.0
75938 9.742019444545565e-6 1.9744348124564365e-5 1.3168687642354657e-5 114.01982485099336 231.08628839991826 172.1382404574004 0.9999999999999996 1.0000000000000004 1.0
174885 4.0787818133334885e-6 9.023736549245824e-6 5.718073124998505e-6 238.18128818526736 526.9429192112855 378.59971032328497 0.9999999999999996 1.0000000000000004 1.0000000000000002
31913 2.4253635961386115e-5 4.566929437449005e-5 3.133558057333465e-5 82.79255537758044 155.89735038386786 121.37662852847477 0.9999999999999996 1.0000000000000004 1.0
