93178 8.054074857047535e-6 1.4600568366514364e-5 1.0732190415415398e-5 156.61495285786253 283.91433740136506 214.12038545712187 0.9999999999999996 1.0000000000000004 1.0
170210 4.365514048446745e-6 9.530049747440776e-6 5.875104786107712e-6 226.79904512766797 495.1092033497802 370.4351183610901 0.9999999999999996 1.0000000000000004 1.0
113977 6.485626413669546e-6 1.357412700226279e-5 8.77376802806448e-6 293.7730835511007 614.8539696280109 457.71311059841275 0.9999999999999996 1.0000000000000004 1.0
32386 2.391385934927493e-5 4.1384754007315456e-5 3.087812192818969e-5 148.45254117672863 256.9084232130042 199.84718708933383 0.9999999999999996 1.0000000000000004 1.0
124645 6.059829391353863e-6 1.2530741931516167e-5 8.022797926886723e-6 233.49671474582087 482.8332425515754 367.2035479410201 0.9999999999999996 1.0000000000000004 1.0
76665 1.0051311116572284e-5 1.818542931165045e-5 1.3043893849299172e-5 147.97862738700235 267.7317254208226 207.27502697313142 0.9999999999999996 1.0000000000000004 1.0000000000000002
100391 7.548057427343878e-6 1.4108111057733952e-5 9.961108118221417e-6 158.510835138909 296.2733772920994 225.7131373528929 0.9999999999999996 1.0000000000000004 1.0
101984 7.363464123826335e-6 1.5097602241843805e-5 9.805539184253034e-6 209.92814632740516 430.42399600526625 325.3924564260108 0.9999999999999996 1.0000000000000004 1.0
74441 1.0260236811017322e-5 1.9756508698449018e-5 1.3433491532236996e-5 153.5693079244443 295.70402942027755 227.0678245030817 0.9999999999999996 1.0000000000000004 0.9999999999999999
51180 1.5577309501015945e-5 2.7029094986032543e-5 1.9538928056666765e-5 135.96938452814084 235.92838091608897 188.77373314342313 0.9999999999999996 1.0000000000000004 1.0
98354 7.967866309645044e-6 1.3783562278734581e-5 1.0167391018713052e-5 143.8333023046963 248.8163333856386 195.78319482444925 0.9999999999999996 1.0000000000000004 1.0000000000000002
78985 1.01605390199197e-5 1.6767163404937578e-5 1.2660637996075135e-5 138.751296164917 228.97069248816663 184.36857620778662 0.9999999999999996 1.0000000000000004 1.0
131573 5.712134254637274e-6 1.1087338063090065e-5 7.600374123358481e-6 157.85183198454578 306.39276793431907 231.55343383427973 0.9999999999999996 1.0000000000000004 1.0
101567 7.391968243550618e-6 1.4772018221754346e-5 9.84579846378454e-6 156.57961243811076 312.9067674376254 236.25453200596985 0.9999999999999996 1.0000000000000004 1.0
88099 8.519576753854014e-6 1.726676643739982e-5 1.1350951916389397e-5 189.99095043239063 385.05778645067977 290.89504930425994 0.9999999999999996 1.0000000000000004 1.0000000000000002
214282 3.3543537196885056e-6 7.344368582995474e-6 4.666750484557041e-6 265.0679729507964 580.3672050063054 420.077031701056 0.9999999999999996 1.0000000000000004 1.0
180231 4.07208702351618e-6 8.761456447073753e-6 5.5484383154235456e-6 217.71332842918585 468.42953845635 346.12342175686473 0.9999999999999996 1.0000000000000004 1.0
99617 7.756680579607383e-6 1.3980184291351705e-5 1.0038504662351247e-5 153.00064643098943 275.7593550293445 214.1405717839952 0.9999999999999996 1.0000000000000004 1.0
34427 2.207363386504072e-5 4.245646127403708e-5 2.904710686015157e-5 156.92288863178865 301.82572497757957 230.64975037353594 0.9999999999999996 1.0000000000000004 1.0
165388 4.4374443914949635e-6 9.714908147507423e-6 6.046400840847676e-6 197.25077808850463 431.84162371184203 319.0503835088893 0.9999999999999996 1.0000000000000004 1.0
71457 1.1482357429252367e-5 1.892636160286704e-5 1.3994505534095852e-5 134.14759212261637 221.11538090587652 181.99253002543315 0.9999999999999996 1.0000000000000004 1.0
331173 2.2035006202074505e-6 4.738799202228342e-6 3.0195809056657484e-6 411.9175283693897 885.8606332667894 651.0351867802783 0.9999999999999996 1.0000000000000004 1.0000000000000002
120754 6.252864516409611e-6 1.2171369587086532e-5 8.281346597796373e-6 160.62204809412668 312.65515285959805 237.40242726323507 0.9999999999999996 1.0000000000000004 1.0
67071 1.1384237790103539e-5 2.229223921858524e-5 1.4909709021491098e-5 159.17474876321455 311.6907466631114 239.3632334860231 0.9999999999999996 1.0000000000000004 1.0
107193 6.7917635874177084e-6 1.4218559869347431e-5 9.329010337600718e-6 247.8554157972123 518.8854151200775 380.38287781882644 0.9999999999999996 1.0000000000000004 1.0
115599 6.6610648198085065e-6 1.2077297689758242e-5 8.650662835304163e-6 153.0098876697037 277.42500829118285 214.69447265532162 0.9999999999999996 1.0000000000000004 1.0
110798 6.762669657884893e-6 1.4139035516449488e-5 9.025494244963069e-6 173.55430899974206 362.8582591076447 273.60243906330936 0.9999999999999996 1.0000000000000004 1.0000000000000002
123327 5.967394655186634e-6 1.1709150160103845e-5 8.108586768859815e-6 173.65780419808917 340.7492588179994 252.27259740295145 0.9999999999999996 1.0000000000000004 1.0
156128 4.728868614202564e-6 9.471818208354503e-6 6.405006681472148e-6 351.6802199752455 704.4076253409228 523.7392711596037 0.9999999999999996 1.0000000000000004 1.0
119089 6.3146349820308105e-6 1.1994794043038551e-5 8.397089843716896e-6 160.10886797088236 304.1304685448588 229.9720606508142 0.9999999999999996 1.0000000000000004 1.0
54472 1.3574477271208858e-5 2.5544278401501598e-5 1.8358288750378882e-5 145.90791812252863 274.5676615784307 203.9581186176415 0.9999999999999996 1.0000000000000004 1.0
107704 7.334933469023173e-6 1.2760225671884918e-5 9.284709286255824e-6 138.97351766312582 241.7654441292885 191.7322101662974 0.9999999999999996 1.0000000000000004 1.0000000000000002
347551 2.096284960993861e-6 4.5420070109783354e-6 2.877282342343049e-6 351.0194826501441 760.5516334148866 558.0297755294191 0.9999999999999996 1.0000000000000004 1.0
58341 1.3249216376337383e-5 2.4558439294804236e-5 1.7140780848588217e-5 151.62287426011326 281.0446329392717 218.35897635203074 0.9999999999999996 1.0000000000000004 1.0
75620 1.0167554116825317e-5 1.7971556070716947e-5 1.3224103750992463e-5 146.65354147054697 259.21596415658684 200.16590595723457 0.9999999999999996 1.0000000000000004 1.0
15801 5.026914064742725e-5 8.348115004474122e-5 6.32880130417188e-5 151.81930312451598 252.12386487204495 201.1435169071854 0.9999999999999996 1.0000000000000004 0.9999999999999999
263801 2.765423126955182e-6 6.133313263378776e-6 3.7907385064428035e-6 328.68436983890007 728.9749569780367 535.559600069823 0.9999999999999996 1.0000000000000004 1.0
79667 1.0131433108621882e-5 1.6412544626124044e-5 1.2552324218063888e-5 139.41681768061767 225.850056678367 182.8791260427504 0.9999999999999996 1.0000000000000004 1.0
224235 3.2711857592329555e-6 7.4849157494770316e-6 4.459625163895335e-6 254.73472152099424 582.8675194215265 430.52611555593035 0.9999999999999996 1.0000000000000004 1.0
199407 3.6614909889801424e-6 8.4320657146087e-6 5.014876600155332e-6 236.14662064476073 543.8232210736688 399.81547790940584 0.9999999999999996 1.0000000000000004 1.0
239250 3.0342271382116452e-6 7.035357486902016e-6 4.17974437946934e-6 283.200840397719 656.647990421493 480.0401923337957 0.9999999999999996 1.0000000000000004 1.0
106922 7.000126108466839e-6 1.52862917497795e-5 9.35263245401128e-6 188.0910443571626 410.7375402975461 309.4685395454287 0.9999999999999996 1.0000000000000004 1.0
83969 8.755466546766457e-6 1.7777101630590932e-5 1.1909187251779826e-5 223.281996523286 453.35182577353777 335.5685879114382 0.9999999999999996 1.0000000000000004 1.0
83895 8.949398518125098e-6 1.7787382434228597e-5 1.1919665547946211e-5 176.13317712680325 350.07360266335826 264.4837237649961 0.9999999999999996 1.0000000000000004 1.0
207435 3.5508285784948346e-6 7.58964963132745e-6 4.820802559702459e-6 434.9670712402864 929.7119246679578 689.6530869009715 0.9999999999999996 1.0000000000000004 1.0
214408 3.4409038719884147e-6 7.398733547936411e-6 4.664022455608064e-6 350.9310487416184 754.5823481074754 560.6525398014328 0.9999999999999996 1.0000000000000004 1.0
78232 1.0607529042491007e-5 1.7079506459805274e-5 1.2782599905761127e-5 135.47740810133024 218.13631219443425 181.57817613602577 0.9999999999999996 1.0000000000000004 1.0
126361 5.969059643370144e-6 1.1578250741683759e-5 7.913886914611867e-6 158.5229399794349 307.48869286796054 233.23486158771763 0.9999999999999996 1.0000000000000004 1.0
175165 4.150516024642699e-6 9.814409698722386e-6 5.7089173822418426e-6 328.58260722815425 776.9743106796222 568.8793495674531 0.9999999999999996 1.0000000000000004 1.0
240986 3.0252666299222406e-6 6.528530331701691e-6 4.149621317077349e-6 308.25929744965856 665.2240676984158 488.3808007819019 0.9999999999999996 1.0000000000000004 1.0
167324 4.379303948966063e-6 9.695778108112408e-6 5.976441619845523e-6 229.57612282241118 508.28149216096125 375.00217732197564 0.9999999999999996 1.0000000000000004 1.0
147060 5.069691524319684e-6 1.0844627630925008e-5 6.799983585762883e-6 175.18066303546712 374.7307009992341 281.1655038456168 0.9999999999999996 1.0000000000000004 1.0000000000000002
141391 5.1979708911474875e-6 1.1213563674526069e-5 7.072626562750814e-6 203.20980213663177 438.38376613993 324.35461460316134 0.9999999999999996 1.0000000000000004 1.0
128938 5.704210734523282e-6 1.1847475496928195e-5 7.75568280191513e-6 237.73970682783542 493.77827755255015 365.6521032925749 0.9999999999999996 1.0000000000000004 1.0
70635 1.0854467653235059e-5 1.9188974953129032e-5 1.4157311957875302e-5 141.67269524031687 250.45482536386623 192.76635469838445 0.9999999999999996 1.0000000000000004 1.0
332516 2.198648943846825e-6 4.752748344732426e-6 3.0073794828269076e-6 395.8629541601279 855.724150683927 630.0493059339133 0.9999999999999996 1.0000000000000004 1.0000000000000002
141917 5.20458657328674e-6 1.0606059962993761e-5 7.046400587891884e-6 194.61061861694807 396.58325621494953 294.8321865004677 0.9999999999999996 1.0000000000000004 1.0
150527 4.903852437529773e-6 1.0537502621229843e-5 6.643345265920455e-6 180.18283269689059 387.18071068233996 287.64310384628084 0.9999999999999996 1.0000000000000004 1.0
101771 7.975618052797684e-6 1.3302331960822169e-5 9.826038143887107e-6 134.59908267645196 224.49441128343 182.79964538778452 0.9999999999999996 1.0000000000000004 1.0
48527 1.5404547066560455e-5 3.294518233315603e-5 2.060720170337083e-5 180.8129701573961 386.69856661777067 290.9653617653347 0.9999999999999996 1.0000000000000004 1.0
93561 8.108322679824886e-6 1.4876222384550749e-5 1.0688292164117813e-5 143.20809810137314 262.7418269780299 200.19531076347454 0.9999999999999996 1.0000000000000004 1.0
64915 1.1821584329598792e-5 2.2088252501432932e-5 1.540486814503711e-5 167.34341650396073 312.675825433746 241.33765234488442 0.9999999999999996 1.0000000000000004 1.0
120931 6.140513342743826e-6 1.2888496393831965e-5 8.269230433801028e-6 160.94981296074158 337.8220953438271 252.3682319517648 0.9999999999999996 1.0000000000000004 1.0
260136 2.8257751225417926e-6 6.24180113330766e-6 3.844152837864733e-6 273.6785388679904 604.5233396108443 447.5111157419792 0.9999999999999996 1.0000000000000004 1.0
115786 6.6896423931789495e-6 1.2498723190784328e-5 8.636660678277654e-6 157.58608985057162 294.42902923610364 229.30766897635576 0.9999999999999996 1.0000000000000004 1.0
62429 1.2385744590510211e-5 2.2676124045955627e-5 1.6018326365008547e-5 161.3497791463761 295.4031209003036 229.66361153429904 0.9999999999999996 1.0000000000000004 1.0
118765 6.420261215106832e-6 1.2020017747764325e-5 8.419999875195095e-6 143.71263403569287 269.0588986663594 206.11349359775477 0.9999999999999996 1.0000000000000004 1.0
163051 4.47064975291145e-6 9.932293525138378e-6 6.133069837479435e-6 222.44326352778108 494.1947833441455 362.7060318008487 0.9999999999999996 1.0000000000000004 1.0
63251 1.1812911090569286e-5 2.1998657184599625e-5 1.5810242735401592e-5 151.22544420490513 281.6203964582777 211.44767327083756 0.9999999999999996 1.0000000000000004 1.0
147539 5.062821231744879e-6 1.0097767978854831e-5 6.777907996314592e-6 182.83771624088664 364.66877890291784 274.11435933434905 0.9999999999999996 1.0000000000000004 1.0
136388 5.3776332986643265e-6 1.098950331241515e-5 7.3320244077715254e-6 288.3444169437742 589.248420100914 435.206511907904 0.9999999999999996 1.0000000000000004 1.0000000000000002
108583 6.744415475927317e-6 1.3015509073130662e-5 9.209571240832068e-6 161.47622744824875 311.62008196990865 229.47074632842998 0.9999999999999996 1.0000000000000004 1.0
102610 7.494265857175923e-6 1.4018510268532135e-5 9.745657182844587e-6 147.07288107731168 275.1093613300007 212.5998809290552 0.9999999999999996 1.0000000000000004 1.0
111618 6.586689978516938e-6 1.4364699997749765e-5 8.959153988759559e-6 290.5001405549019 633.5423986836695 469.020552610635 0.9999999999999996 1.0000000000000004 1.0
143174 5.175580743717668e-6 1.0846107437774429e-5 6.98455685391761e-6 195.94504037354164 410.6285004576899 306.2768243727371 0.9999999999999996 1.0000000000000004 1.0000000000000002
158068 4.669615983377539e-6 9.43788460748191e-6 6.3264066602642405e-6 187.32320673767907 378.6038971485066 281.24569726861733 0.9999999999999996 1.0000000000000004 1.0
84286 9.378393285410168e-6 1.6853242370162788e-5 1.1864392135155205e-5 140.03596981743956 251.6486639076674 199.7828273355377 0.9999999999999996 1.0000000000000004 1.0
127093 5.856352361589029e-6 1.2149029436418225e-5 7.868303921525655e-6 176.54827426323428 366.25019270372064 274.32237026826516 0.9999999999999996 1.0000000000000004 1.0000000000000002
139791 5.322883545781674e-6 1.142850525907752e-5 7.153545764369519e-6 206.87182583696102 444.16447010310924 332.7329799278457 0.9999999999999996 1.0000000000000004 1.0
150919 4.878237326849772e-6 9.908315910147058e-6 6.626102024983616e-6 190.75944841766702 387.4565239711744 287.09117009009833 0.9999999999999996 1.0000000000000004 1.0
93918 8.13952690268324e-6 1.5084342512360728e-5 1.0647633722492044e-5 143.54390105072068 266.01857760255035 204.2809520226642 0.9999999999999996 1.0000000000000004 1.0
93379 7.871304202930135e-6 1.5390119646075284e-5 1.0709095419440375e-5 168.1803701930678 328.82937219336935 243.1075107790947 0.9999999999999996 1.0000000000000004 1.0
64490 1.1763393518616963e-5 2.2371657551738895e-5 1.5506379632044978e-5 144.8805337898811 275.53423956537233 210.03649741708026 0.9999999999999996 1.0000000000000004 1.0
166397 4.451775370345749e-6 9.321281663717402e-6 6.009747597457794e-6 177.8244496231827 372.3349998013217 277.5649099982533 0.9999999999999996 1.0000000000000004 1.0
80259 9.361508708182447e-6 1.780682603701015e-5 1.2459718260184196e-5 163.0461449364204 310.1353029079933 234.33430691941408 0.9999999999999996 1.0000000000000004 1.0
56949 1.3856095131555032e-5 2.3319731665614947e-5 1.7559614201804745e-5 141.59560033137242 238.30461420833882 188.72542977054664 0.9999999999999996 1.0000000000000004 1.0
166898 4.3857812645286885e-6 9.462251100260303e-6 5.991717894733959e-6 198.23237071033165 427.6830864848473 315.14257746707494 0.9999999999999996 1.0000000000000004 1.0
135934 5.572072953325092e-6 1.0833145565547142e-5 7.356546612826567e-6 146.19908000305037 284.23818720409946 216.38205802817646 0.9999999999999996 1.0000000000000004 1.0000000000000002
46406 1.6152273463409788e-5 3.284052222809234e-5 2.1549161639434825e-5 232.30595044824378 472.32042886693154 356.4641907435675 0.9999999999999996 1.0000000000000004 1.0
86303 9.065544446523003e-6 1.5068916473712564e-5 1.1587132971962032e-5 143.03899457531375 237.76207534517405 186.67152580202776 0.9999999999999996 1.0000000000000004 1.0
142075 5.282152078528724e-6 1.0534420645779457e-5 7.038547945265755e-6 193.39723795525612 385.7003407065938 291.34019553394586 0.9999999999999996 1.0000000000000004 1.0
128152 5.7502878701868945e-6 1.1704017932375496e-5 7.803285314143916e-6 176.4304138977791 359.1028440127333 266.2681402937268 0.9999999999999996 1.0000000000000004 1.0000000000000002
86090 8.749700182595503e-6 1.6864998502346055e-5 1.1615786736356564e-5 164.68622772015365 317.43178919229194 240.4808973728415 0.9999999999999996 1.0000000000000004 1.0000000000000002
92874 8.294639830268177e-6 1.4812738201266668e-5 1.0767332252322179e-5 145.95968190473755 260.65779831758334 201.68117627994673 0.9999999999999996 1.0000000000000004 1.0
180426 3.982515945303107e-6 8.589858231637301e-6 5.542440223478752e-6 241.43810628645366 520.7560078099748 376.7797048580041 0.9999999999999996 1.0000000000000004 1.0
109445 7.021094489669607e-6 1.272996314653812e-5 9.137027422186786e-6 152.15798279551916 275.878001113426 213.04374390113284 0.9999999999999996 1.0000000000000004 1.0000000000000004
109987 6.921412622949725e-6 1.3006286271136845e-5 9.092060179153555e-6 160.55725671114712 301.70916797669946 230.94557169195878 0.9999999999999996 1.0000000000000004 1.0
165134 4.39645589876486e-6 9.796836520295894e-6 6.055710888856221e-6 210.40863282252494 468.86379067292637 342.7019616090602 0.9999999999999996 1.0000000000000004 1.0
98150 7.94835016418715e-6 1.4130612617287547e-5 1.0188567563013204e-5 148.93101443784397 264.7702263047 207.52911337480722 0.9999999999999996 1.0000000000000004 0.9999999999999999
104031 7.207784142755639e-6 1.4521161226436068e-5 9.612527534438498e-6 252.85841601331157 509.4211693452241 384.6208954991073 0.9999999999999996 1.0000000000000004 0.9999999999999999
