91991 8.244227668082992e-6 1.5672127098024117e-5 1.087063254850743e-5 121.20604302706943 230.4104869304888 175.75003458961206 0.9999999999999996 1.0000000000000004 1.0
88205 8.867907522287037e-6 1.7025703953150123e-5 1.133726811788099e-5 100.4362805244988 192.82997415884697 151.51319985240647 0.9999999999999996 1.0000000000000004 1.0
54774 1.470345225811083e-5 2.6000535483881695e-5 1.8257034251854545e-5 99.52214539799935 175.98785832254507 142.26572389227033 0.9999999999999996 1.0000000000000004 1.0
103991 7.132107222456733e-6 1.4525022556763517e-5 9.616299424163846e-6 134.64032547603645 274.2042013097728 204.67885445674347 0.9999999999999996 1.0000000000000004 1.0
58831 1.2990106409335373e-5 2.4969781071771477e-5 1.6998019814815454e-5 109.8149251708508 211.08792749830945 162.14289621876426 0.9999999999999996 1.0000000000000004 1.0
178645 4.147922536769125e-6 8.791978420924773e-6 5.597718515853361e-6 204.1504263118146 432.71930149258 322.93945745490703 0.9999999999999996 1.0000000000000004 1.0
234739 3.060280156390093e-6 6.617160895879773e-6 4.260055481415967e-6 259.5995240115977 561.3250196363978 406.1309812060778 0.9999999999999996 1.0000000000000004 1.0
97972 7.5188481091596266e-6 1.4547202258312154e-5 1.0207064548178592e-5 126.65242221751413 245.04264160607644 181.5805124537481 0.9999999999999996 1.0000000000000004 1.0
98664 7.709357291057805e-6 1.4794826368064742e-5 1.0135480969152835e-5 118.24887305100873 226.92832605361815 173.5888377271112 0.9999999999999996 1.0000000000000004 1.0000000000000002
91847 7.868901218914504e-6 1.6816245578543737e-5 1.0887682098956672e-5 154.48015381916554 330.13201352560077 240.23019808268086 0.9999999999999996 1.0000000000000004 0.9999999999999999
79660 9.88917911950128e-6 1.7893152524085416e-5 1.2553438896322656e-5 106.28300923113349 192.30494987609802 152.187958470817 0.9999999999999996 1.0000000000000004 1.0
91134 8.220545354995715e-6 1.8080801058323776e-5 1.0972965499147279e-5 110.51914891533227 243.0829900426265 183.19189597750724 0.9999999999999996 1.0000000000000004 1.0
40191 1.8956368651013256e-5 3.660827222387646e-5 2.4881741103660673e-5 125.68837751086791 242.72762489503808 186.044488272477 0.9999999999999996 1.0000000000000004 1.0
21680 3.7724927193420965e-5 6.0507571351662354e-5 4.612677248421668e-5 105.29656571447826 168.8867265505263 138.60313207168974 0.9999999999999996 1.0000000000000004 1.0000000000000002
53919 1.4947460797773363e-5 2.4621505022079965e-5 1.854645726397338e-5 103.38770016632641 170.30054892304517 137.70652705374727 0.9999999999999996 1.0000000000000004 1.0
78590 9.673876193003704e-6 1.831581516789655e-5 1.2724378511475481e-5 114.30289036968442 216.4127978691282 165.41209320601263 0.9999999999999996 1.0000000000000004 1.0
246318 2.961813904075706e-6 6.857707707172673e-6 4.059807568822212e-6 281.7611643619522 652.3825503580722 479.3950987910365 0.9999999999999996 1.0000000000000004 1.0
81078 9.438046564951802e-6 1.732806059223854e-5 1.2333889990544524e-5 107.81512797802502 197.9463713710456 152.17113946684358 0.9999999999999996 1.0000000000000004 1.0
70543 1.1427761380287726e-5 1.8863238367428283e-5 1.4175896506811202e-5 103.60556824624156 171.01656789866453 138.32988029654067 0.9999999999999996 1.0000000000000004 1.0
69596 1.1692904882326002e-5 2.0139498418901842e-5 1.4368763429333358e-5 96.91111200491233 166.91670775044415 136.2604948797855 0.9999999999999996 1.0000000000000004 1.0
324227 2.2537199553156373e-6 4.91409959112485e-6 3.0842675390659326e-6 414.98598337095393 904.8517524974135 665.9784479127669 0.9999999999999996 1.0000000000000004 1.0
71218 1.101874889003431e-5 1.985852365254682e-5 1.4041567301934012e-5 100.03327527097248 180.28482024914803 142.00225614120822 0.9999999999999996 1.0000000000000004 1.0
129805 5.5913362303485994e-6 1.195788207514106e-5 7.70387974119389e-6 178.66743442645117 382.1061770428172 279.2749235890441 0.9999999999999996 1.0000000000000004 1.0
83756 8.952725080008808e-6 1.8139863275656987e-5 1.193951513307885e-5 115.89540225270741 234.82534450162214 177.1020759356481 0.9999999999999996 1.0000000000000004 1.0
56729 1.3956266525379024e-5 2.335261926946041e-5 1.762768554896581e-5 107.26816272933704 179.48873070011115 142.6506425241124 0.9999999999999996 1.0000000000000004 1.0
63486 1.1845141696814063e-5 2.3776262129250842e-5 1.5751615118690656e-5 116.11206563806898 233.06693829775327 176.27533811185555 0.9999999999999996 1.0000000000000004 1.0
86979 8.719162768879766e-6 1.6398436537061685e-5 1.149709300232052e-5 114.56384315228098 215.46425513236983 164.26774029688983 0.9999999999999996 1.0000000000000004 1.0
64694 1.1454135986859942e-5 2.25861293088483e-5 1.5457535325082207e-5 113.74991414114467 224.3006607054088 167.103919717539 0.9999999999999996 1.0000000000000004 1.0
475895 1.4962962801068206e-6 3.4399661526693154e-6 2.101305693449567e-6 541.1616470851857 1244.1237566686439 892.3548219610883 0.9999999999999996 1.0000000000000004 1.0
119269 6.35309006680914e-6 1.2630499052770852e-5 8.384455931436373e-6 119.64475956468337 237.8642529004348 181.30832368722224 0.9999999999999996 1.0000000000000004 1.0
237776 2.9865197445203694e-6 6.864505283312519e-6 4.205649308682257e-6 305.91446240366724 703.1433317206921 502.9361653857892 0.9999999999999996 1.0000000000000004 0.9999999999999999
50406 1.5463648805543475e-5 2.7655099116318704e-5 1.9839301526458655e-5 110.25453908428308 197.17857310021347 154.41178414635965 0.9999999999999996 1.0000000000000004 1.0
100929 7.3308901986648605e-6 1.497537478966846e-5 9.907965129750411e-6 131.643114370361 268.9175424472173 200.22907124236113 0.9999999999999996 1.0000000000000004 1.0
98081 7.279984094947514e-6 1.5316995318417102e-5 1.0195670524403694e-5 134.29922833881426 282.56389367118214 203.04919500040512 0.9999999999999996 1.0000000000000004 1.0
78751 9.560149214576862e-6 1.7864659953933692e-5 1.269833276491336e-5 106.77273894874936 199.52185168419095 150.89258604986142 0.9999999999999996 1.0000000000000004 1.0
72568 1.078156595903554e-5 1.851517808908944e-5 1.3780321422482573e-5 111.95191709164138 192.25497392886496 151.09476403288684 0.9999999999999996 1.0000000000000004 1.0
210638 3.532209148605972e-6 7.835745762636846e-6 4.747482384939543e-6 271.74063466019004 602.8211912126387 451.7447460976686 0.9999999999999996 1.0000000000000004 1.0
64817 1.1873804447491886e-5 2.1540502356856062e-5 1.5428058453848436e-5 113.39725296040643 205.71618856082782 159.12236943482446 0.9999999999999996 1.0000000000000004 1.0
101279 7.521284416928503e-6 1.4526364835701026e-5 9.873798416185962e-6 120.05663898135825 231.8734995403157 177.65748520516345 0.9999999999999996 1.0000000000000004 1.0
96300 7.731730774627332e-6 1.578539555305408e-5 1.0384285192400131e-5 140.47852088226773 286.8062900109771 214.9598594882137 0.9999999999999996 1.0000000000000004 1.0
67934 1.1218846924898859e-5 2.1209073711609414e-5 1.4720364166199254e-5 114.76773698889774 216.96680682128826 166.2427546135887 0.9999999999999996 1.0000000000000004 1.0
85145 8.48576591930959e-6 1.758195888561158e-5 1.1744803683039008e-5 182.95395062738484 379.06876862714614 275.7383906041624 0.9999999999999996 1.0000000000000004 1.0
127365 5.851049321490431e-6 1.2189064684109924e-5 7.851522875595738e-6 174.31374237114056 363.13511719806854 272.51310814295977 0.9999999999999996 1.0000000000000004 1.0
58886 1.288804144407747e-5 2.6434589643361082e-5 1.6982197450217873e-5 136.5678562048433 280.1135651924487 213.9798744379637 0.9999999999999996 1.0000000000000004 0.9999999999999999
124903 5.848049148724359e-6 1.2513722190219773e-5 8.006270070225617e-6 256.1828255686901 548.18292862183 403.2963456545259 0.9999999999999996 1.0000000000000004 1.0
79207 1.006028994228145e-5 1.6992001726910874e-5 1.2625193445176891e-5 110.95742762281233 187.40899244429244 150.0017815492529 0.9999999999999996 1.0000000000000004 1.0
65964 1.1774712673659417e-5 2.12239109673114e-5 1.515988705019366e-5 110.77589072561761 199.67346187093293 155.82717386885693 0.9999999999999996 1.0000000000000004 1.0
186633 3.919479118343966e-6 8.372947629166157e-6 5.358115656065833e-6 260.87072450495555 557.2824470577876 410.5957835983156 0.9999999999999996 1.0000000000000004 1.0
49878 1.4919585535830706e-5 2.937226324157153e-5 2.004896194514259e-5 134.4589298666221 264.7099729236905 198.22557767290493 0.9999999999999996 1.0000000000000004 1.0
155619 4.650664536946511e-6 1.0240624645740953e-5 6.425975358797508e-6 196.71453030739963 433.1595304794788 315.73029523695806 0.9999999999999996 1.0000000000000004 1.0
89267 8.536410615412046e-6 1.622657213208158e-5 1.120240379677346e-5 126.83113152278656 241.0889772022384 184.82578878676526 0.9999999999999996 1.0000000000000004 1.0
57530 1.2977022523107092e-5 2.545692349513982e-5 1.7382331441044393e-5 166.27848992913147 326.18721201077045 245.19237757015924 0.9999999999999996 1.0000000000000004 1.0
60045 1.304033423367408e-5 2.267885117140703e-5 1.6654324929030205e-5 113.20208455241905 196.87326887893872 154.88615917973954 0.9999999999999996 1.0000000000000004 1.0
69123 1.0740159870787462e-5 2.0600424430007815e-5 1.4467138054187094e-5 131.30991804063993 251.86217673204803 188.10494969483233 0.9999999999999996 1.0000000000000004 1.0
125812 5.8979197988463425e-6 1.2203831744969744e-5 7.948413842331722e-6 163.2528774629592 337.79887085440214 252.39478344537952 0.9999999999999996 1.0000000000000004 1.0
30359 2.6865105682525815e-5 4.4231946094107175e-5 3.2939878476326666e-5 103.14927325710102 169.8297095224926 138.99040356732735 0.9999999999999996 1.0000000000000004 1.0
73402 1.0489444333656853e-5 1.9364592475820723e-5 1.3623641208514553e-5 110.82579314556584 204.5958062037126 158.31720861454392 0.9999999999999996 1.0000000000000004 1.0
41272 1.9619347263852825e-5 3.1466388797482734e-5 2.4229744494488578e-5 108.64101113839078 174.2433247068653 141.61521177636345 0.9999999999999996 1.0000000000000004 1.0
98403 7.560478368214385e-6 1.5029558961234013e-5 1.016236889243944e-5 167.21479993569397 332.4081589056932 249.00089771704577 0.9999999999999996 1.0000000000000004 1.0
38427 2.0548113216052622e-5 3.682307485075469e-5 2.6023370182524325e-5 104.35004696097343 186.9996310377468 148.2895171194373 0.9999999999999996 1.0000000000000004 1.0
134536 5.556461518155107e-6 1.146150163134722e-5 7.4329924628076965e-6 279.81316420761726 577.1801042010758 434.5848154316503 0.9999999999999996 1.0000000000000004 1.0
85161 8.743382939031228e-6 1.764616640131711e-5 1.1742564495645737e-5 150.16035151334106 303.05827483043754 227.1577241976346 0.9999999999999996 1.0000000000000004 1.0
81734 9.496034607664274e-6 1.707519710171583e-5 1.2234860523923486e-5 111.37096546750996 200.26055773125208 156.1811835070149 0.9999999999999996 1.0000000000000004 1.0
101427 7.255093319910563e-6 1.5075014133433743e-5 9.859347559089586e-6 146.93557251868253 305.310453601529 226.176303222289 0.9999999999999996 1.0000000000000004 1.0
75300 9.948248185359573e-6 1.898657593973279e-5 1.3280261073787841e-5 124.9041965288929 238.38398162172683 179.61875411949845 0.9999999999999996 1.0000000000000004 1.0
118430 6.308466182263499e-6 1.3045750003826527e-5 8.443876872407788e-6 138.5489008103762 286.51565547880915 215.46404878211249 0.9999999999999996 1.0000000000000004 1.0
90500 8.54557941104162e-6 1.5352181717945987e-5 1.1049831373569643e-5 108.74041333454386 195.3527672376975 151.77092937254272 0.9999999999999996 1.0000000000000004 1.0
165903 4.447797623813762e-6 9.900724910146764e-6 6.027630866688177e-6 259.9504370715614 578.6454298051294 430.0501481560347 0.9999999999999996 1.0000000000000004 0.9999999999999999
59187 1.3770343842782096e-5 2.2561147975202688e-5 1.6895628077790572e-5 101.71239792537459 166.64423827803677 136.24914365748333 0.9999999999999996 1.0000000000000004 1.0
45493 1.75101209871461e-5 3.0342389428211797e-5 2.1981589014036105e-5 102.71453068576635 177.9887353314909 142.32258394526508 0.9999999999999996 1.0000000000000004 1.0
80831 9.858901013122206e-6 1.689496109511072e-5 1.2371502837101571e-5 109.14416271262635 187.03772158112832 149.70884750287354 0.9999999999999996 1.0000000000000004 0.9999999999999999
82594 8.937479403078325e-6 1.7411477147348555e-5 1.2107521904245479e-5 116.8563808581972 227.65279930419425 168.9636873347436 0.9999999999999996 1.0000000000000004 1.0
75884 9.674782270691167e-6 1.9601470440704703e-5 1.3178204434883854e-5 191.1067106186552 387.1893376412143 286.25467809665463 0.9999999999999996 1.0000000000000004 1.0
50431 1.5474646524106324e-5 2.823889458097854e-5 1.9829095587512653e-5 105.13683528559142 191.8588578797266 150.4028205376167 0.9999999999999996 1.0000000000000004 1.0
189417 3.86522290881876e-6 8.724809348708658e-6 5.279381425924041e-6 277.77946516116106 627.0202085856024 462.37702945340135 0.9999999999999996 1.0000000000000004 1.0
75416 1.0372147503399968e-5 1.805916949986123e-5 1.325993970188673e-5 102.61810393252408 178.67059180023753 140.25863220949623 0.9999999999999996 1.0000000000000004 1.0
147170 4.965321296457817e-6 1.085225268034904e-5 6.794901862859742e-6 163.73658292121894 357.8642075278416 263.3351185637472 0.9999999999999996 1.0000000000000004 1.0
92317 7.970785349539095e-6 1.6637797012834657e-5 1.0832244907613555e-5 194.71725201313026 406.4425237694754 301.1986789264874 0.9999999999999996 1.0000000000000004 1.0
64557 1.1281321488575505e-5 2.352684507479776e-5 1.5490360169355558e-5 181.16226013193227 377.80825870802903 277.08552620312224 0.9999999999999996 1.0000000000000004 1.0
41918 1.9284610419991267e-5 3.086130919949317e-5 2.3856317542712983e-5 104.68728274579088 167.53185735727618 135.85041071546823 0.9999999999999996 1.0000000000000004 1.0
53240 1.4874938175650621e-5 2.6011202169280478e-5 1.878314872444049e-5 105.84881614882667 185.0935394631116 147.19872677267023 0.9999999999999996 1.0000000000000004 1.0
104245 7.1369656194211324e-6 1.4511980133951874e-5 9.592838510904984e-6 148.20949371382477 301.3624197075139 225.70681509286982 0.9999999999999996 1.0000000000000004 1.0
127110 5.677242656299277e-6 1.3002637840508889e-5 7.867233851302705e-6 188.29455971240682 431.25265476576385 313.430238851598 0.9999999999999996 1.0000000000000004 1.0000000000000002
54031 1.4107781434553918e-5 2.728352043769714e-5 1.8508160462854975e-5 102.43449345809667 198.10156605800168 151.68788869533356 0.9999999999999996 1.0000000000000004 1.0
62506 1.284713056098467e-5 2.1752193800637896e-5 1.5998507737525955e-5 104.45483571273851 176.85831237190547 142.56919878035364 0.9999999999999996 1.0000000000000004 1.0
100525 7.689838219536782e-6 1.446215589043461e-5 9.947794246097745e-6 105.36184898033433 198.15234616857913 153.89523799301895 0.9999999999999996 1.0000000000000004 0.9999999999999999
126191 5.7611215318794955e-6 1.3063201646124418e-5 7.924544799012748e-6 147.3374060087616 334.0839511992463 244.54190548946593 0.9999999999999996 1.0000000000000004 1.0
81092 9.619654672233587e-6 1.689982057283261e-5 1.233180806942571e-5 110.87409409919034 194.78373811693288 152.64467607757032 0.9999999999999996 1.0000000000000004 1.0000000000000002
96469 7.662753312405157e-6 1.5616187517779347e-5 1.0366093228984175e-5 144.92116384929824 295.3398051196206 219.76757276417956 0.9999999999999996 1.0000000000000004 1.0
42248 1.6602225913429187e-5 3.717440156267887e-5 2.367014434614468e-5 242.41395942899166 542.7943168104339 383.4695292407997 0.9999999999999996 1.0000000000000004 1.0
75181 1.0285842351287381e-5 1.9818149758514985e-5 1.3301277500067896e-5 111.63977053161476 215.10087514853578 167.2387032745075 0.9999999999999996 1.0000000000000004 1.0
67293 1.1140162036634546e-5 2.1605589981286767e-5 1.4860567733674255e-5 138.05863215963737 267.75536926745957 202.0095292207781 0.9999999999999996 1.0000000000000004 1.0
81542 1.01719575476283e-5 1.5877666406108194e-5 1.2263689024109398e-5 114.21496007855512 178.28102665814714 148.237394410574 0.9999999999999996 1.0000000000000004 1.0
33211 2.3725050306275985e-5 4.078271444488034e-5 3.011114780876016e-5 107.76615865811505 185.24708772537218 146.57215352355976 0.9999999999999996 1.0000000000000004 1.0
70609 1.1360509096862978e-5 1.9315465962627123e-5 1.4162662306933148e-5 102.26376039675151 173.8718015462132 139.97006016062434 0.9999999999999996 1.0000000000000004 1.0000000000000002
78825 9.60554152372394e-6 1.8151518081793164e-5 1.2686375521235247e-5 121.4440499011161 229.4918888499776 174.73093993591402 0.9999999999999996 1.0000000000000004 1.0
45963 1.669128678424237e-5 3.0721656920639217e-5 2.1756836421355845e-5 115.90482009459916 213.3321513447539 164.53502739390171 0.9999999999999996 1.0000000000000004 1.0
79127 9.71110668514969e-6 1.7972058981141616e-5 1.2637999083822313e-5 115.09838927219138 213.00919737577107 164.54023621538474 0.9999999999999996 1.0000000000000004 1.0
124549 5.806825449801984e-6 1.3126985682867835e-5 8.029003284464505e-6 171.11636122729465 386.8278878628487 281.73285337521895 0.9999999999999996 1.0000000000000004 1.0
139833 5.153604639457404e-6 1.1366625059114374e-5 7.151410152078812e-6 191.0676411671341 421.4126596845188 305.84466875301774 0.9999999999999996 1.0000000000000004 1.0
