670837 7.002305713163231e-7 4.350275338274997e-6 1.4906774080049115e-6 246.00376028801568 421.33324037084157 323.16001465514296 1.0091806198233662 2.1612666559646785 1.7399202888892427
471552 5.824799610625615e-7 3.426981354931011e-6 2.1206576615357745e-6 290.1392615185728 932.6067982056775 479.71748270248986 1.1591651611916496 1.6930551380245906 1.2553168242682868
1034178 5.039610380352747e-7 3.1517185504985204e-6 9.66951790562413e-7 266.00725806011724 805.0782383610796 526.4021857590377 1.2855401401298818 1.927549655163518 1.7573935440195076
998912 1.961187345842097e-7 3.148043677148537e-6 1.0010895444774558e-6 243.3198195730571 478.6427460982977 350.9382297821882 1.2054717076288304 3.8866897266777154 2.1967517351913455
1539055 1.5893166017293008e-7 2.4653114672749076e-6 6.497495764629374e-7 292.1857780661797 715.8690142311161 476.12630005182604 1.0580812837565323 3.0678246001356873 2.0659081149194116
786469 3.641629971989569e-7 3.901500757555944e-6 1.2715061875759622e-6 274.5719528311174 740.4925112735597 435.5773663938742 1.0931927329849498 2.608935995762307 1.7637139283478371
745754 6.307365317096015e-7 2.945035186237356e-6 1.340925812469013e-6 263.15570346309875 585.20496807127 410.83359948207755 1.160461196419593 1.833717662795778 1.5076172851516125
775771 7.820349684960349e-7 2.5009294951693926e-6 1.2890404692658216e-6 252.8086327132088 739.7596957564583 449.04051595190936 1.1267925780411916 1.7812913075621264 1.5135055293974522
649840 9.46623149257529e-7 3.0133878071659343e-6 1.5388418872070636e-6 262.37495003430615 730.1827965212469 432.5962841878415 1.1671964056730297 1.6777734906962092 1.3711590063849701
945548 2.0359253214394288e-7 2.6434798352030816e-6 1.057588421238031e-6 312.0450489710746 877.6152481940944 555.9937273497713 1.0808087760179401 2.9314575596204655 1.7714379945350394
480353 1.3984738959570046e-6 3.324302088085396e-6 2.081805712793689e-6 259.5405062981027 471.95611598911665 358.7594531554602 1.271187372291195 1.5615384305101194 1.375829457861414
1372110 2.207936551314441e-7 1.9358355419873103e-6 7.28804870677801e-7 257.15344521872015 1093.9577663314512 489.27056648512337 1.4113382813315036 3.1104240217646835 2.207961816163681
993378 1.3781458834842762e-7 2.6838659863286305e-6 1.0066670588742735e-6 311.0302564095666 746.5317145960066 481.733828649141 1.0113564387393252 4.128738179046264 2.0008761731854756
1571114 1.263214883476493e-7 2.7768460080698525e-6 6.364911177742428e-7 295.2307121789766 709.277374832229 452.43590412095546 1.1483336326708276 4.109633569901048 2.5820564603839165
1620922 1.7983397442632826e-7 2.47293229203732e-6 6.169331111166898e-7 249.32047744521 573.3357704742933 408.7012526186764 1.266472113302353 3.5106767296389947 2.4346377577101848
775664 6.965776551647143e-7 3.865681441531364e-6 1.2892197101886042e-6 232.1287495782373 486.76921739087396 326.6351700173933 1.0442103556231053 2.232560883256276 1.8662595383738683
1426852 1.5093647420667122e-7 2.830671254142439e-6 7.008447095884815e-7 237.0962592164049 563.5984590595637 351.9874684706247 1.1831580923566476 4.695418986222149 2.908276907643454
532277 2.8829341172384903e-7 4.5428559921564146e-6 1.8787255077443908e-6 302.87995031487696 600.6200825065143 450.2530027899353 1.0278889901276769 3.021738823770941 1.6736367976318052
952807 4.4038844704124137e-7 3.68505638905287e-6 1.0495313433279887e-6 298.5558063897163 620.0523590044913 427.1622895198989 1.0435009958031516 2.4506456736683844 1.9297171676929783
983600 2.9444598210908723e-7 3.4433036951387534e-6 1.016675597441335e-6 314.5668888001498 1346.076899345257 518.4873454392325 1.0937802122073346 2.4662223950989244 1.8430649798798167
837546 2.3691459251961493e-7 3.70250265970229e-6 1.1939653807568859e-6 222.42933066313077 434.02962818346776 302.200073967742 1.1378808461090935 3.67331456892377 2.0879908898784008
2333748 2.2423363301141572e-8 1.3247527794748288e-6 4.284954742258793e-7 241.8544637302793 1866.273021252995 666.3735827108814 1.1481375895666937 5.424910768563802 2.5933766089101344
662762 8.198502518890696e-7 3.055019633161135e-6 1.5088391923945356e-6 265.50892511999456 480.08903559791867 374.31445413025347 1.3354838652872256 1.9331243257082464 1.6723503929939567
986782 7.801320215441726e-8 3.6645863289496167e-6 1.0133961779268697e-6 286.38907585543495 600.8572341754375 441.32577421216246 1.0708058900033584 5.39355629374116 2.4369022632391792
2640314 9.176113988126816e-8 7.848115704186024e-7 3.787428702690214e-7 360.8178261557623 886.2831602928756 528.3387473631682 1.8737971184597924 4.7999456169703905 2.867396045873187
1489816 2.3299794909116299e-7 1.7126557841293553e-6 6.712242914891314e-7 248.99641324548077 657.7754752254945 403.02749119261483 1.3376334655021898 3.030270706115655 2.2032622785570863
646592 6.79411260449989e-7 3.5598318725845774e-6 1.5465717597165042e-6 281.569263304932 562.4327174689928 417.0867059376532 1.1246678002985808 2.0590684177805754 1.5988351845668551
1269140 1.2002783990390866e-7 3.0668494465186197e-6 7.879351659139961e-7 317.4209090051613 884.4407981804585 539.643739974953 1.089304007543564 3.595129528858362 2.156787979137419
1591609 7.173242818930531e-8 2.3683387695809958e-6 6.282958587129458e-7 332.68322809710696 807.6700836539698 514.6636942916662 1.2815446424790804 5.408047129622279 2.930840786980427
1145346 3.325764023731662e-7 2.6679181649900262e-6 8.730986966790361e-7 227.82653142439133 469.3250014990838 341.95138157400635 1.3953128776369448 3.203095516382791 2.387056441575694
1152278 1.8098462996108033e-7 2.522823145891404e-6 8.678462124791498e-7 345.7548914627885 977.9855211737092 619.2838851103716 1.1404820594195002 2.723035173027139 1.600429858497974
774672 3.847655080380127e-7 3.203678489205731e-6 1.290870162694343e-6 248.41707567370415 478.70433598432453 353.8753304032229 1.079694044571808 2.6688623006336316 1.7515552796874458
1738651 2.451769475285612e-7 2.346361041368758e-6 5.751590827767501e-7 248.0252185367222 456.02274758096996 341.5964400163886 1.3369820749044679 3.387194171771902 2.781607498517837
482687 9.169023643706698e-7 4.149404362375757e-6 2.071737569504656e-6 239.97347700685927 478.0535913270415 331.9829852827233 1.0312669573779374 1.8333477251308774 1.3877073320589377
484479 1.1163946015233495e-6 4.4736354909997196e-6 2.064075141589126e-6 281.59978140517825 543.6692431850646 396.8100650793644 1.030861589461559 1.5621582463710189 1.350773846419563
677001 7.900425249830908e-7 3.085910943829517e-6 1.47710585657333e-6 310.12961717937327 711.6777325637357 470.6045588853661 1.0943213614263598 1.5100130717450533 1.3499645066207207
1520439 6.371915959046576e-8 2.3996240838180205e-6 6.577047870717771e-7 359.5417637851201 878.2434823999316 606.5193515781666 1.036130697665953 5.372294648765246 2.321178998610149
704672 2.607784938383819e-7 4.626350398400306e-6 1.4191028949535268e-6 236.09454233743264 428.2609008437386 325.8080089666292 1.0537271029280995 3.5238516067565393 2.1680606405570475
1434023 1.0323303116852341e-7 4.387710382156474e-6 6.973389355353683e-7 230.69336718146874 557.3342134624871 395.08870506663516 1.0078814299287016 4.373142045558828 2.5415236900806466
1932012 4.939639545534368e-8 2.0286562252779734e-6 5.175952159264941e-7 233.46947629389834 621.9021735704071 375.6947034979039 1.4072509032332632 6.397342961676604 3.3153863543118427
3061194 7.551709299226249e-8 2.340397011635088e-6 3.266702431148915e-7 261.7257179370697 936.3622294560373 521.1953408215415 1.2561980143344316 5.039864704189264 3.545385612906527
748726 3.2811551534755936e-7 3.764360324455092e-6 1.3356031779119478e-6 253.0551456480635 1486.7481185635656 711.4209379122973 1.0175802073258429 1.6518622677849917 1.2963803235180882
784214 4.277187545516952e-7 2.918278710156277e-6 1.2751644529304927e-6 280.61746941426753 1315.3973498760806 675.6492738020333 1.190833958499815 1.4591500285798396 1.3025581917914506
1236908 3.0475923107543527e-7 2.1124226491120656e-6 8.08468331149803e-7 428.7684011821301 1527.6919449317318 788.1460127478886 1.1343525010369513 1.8845940146646836 1.4982741230815704
1370545 1.7862883480325316e-7 4.171123492690378e-6 7.296368531951322e-7 309.08300741999545 1242.0306788357843 687.1534607544863 1.1034995583153033 2.825590313063374 2.1131366199204087
491858 7.204377291511618e-7 3.874638799925783e-6 2.033109239148356e-6 283.04477084783724 600.90593242402 419.287704136008 1.0957103122627496 1.7939276312887478 1.3478959777408295
1939036 1.2697082508723212e-7 2.822890689240394e-6 5.157202538953332e-7 235.9078060663363 657.3647855106628 372.68728394620655 1.0378578121178947 4.940406695256406 3.444411950708372
1009333 3.168823039772464e-7 3.7354603977086725e-6 9.90754085913019e-7 251.26588029379525 941.7481351522649 537.7586572923032 1.0036167070892204 2.3997485437635584 1.8125563656743549
1404577 5.410977416944771e-8 3.979625013457627e-6 7.119586886478596e-7 303.01004932040456 1127.5697600061092 503.2675083056956 1.0556141400908379 6.180922964051857 3.000477396805877
815766 2.1030472588364114e-7 3.5944120924758814e-6 1.2258442589014936e-6 275.98555174492515 669.35643824548 449.99862726746636 1.0008122487877253 3.1874717140205457 1.8692968986972602
620861 6.346962105054106e-7 3.618141112870647e-6 1.610668370335674e-6 285.5718999323667 732.23294002106 445.90678549536153 1.0596792894766707 1.735652195252757 1.3504850204500425
1318034 1.250282231908781e-7 2.2171812113585307e-6 7.587065270743366e-7 279.5462529760842 792.2248556781291 520.2456553729736 1.13167614911156 3.5239074095117164 2.1388303875383565
565848 1.1125882124720914e-6 2.9943146301188936e-6 1.7672596371658999e-6 313.7218302714016 705.6726830885958 495.22750939764006 1.0307036924521193 1.2839195529196594 1.1653478325944844
461955 7.725284206485516e-7 4.76193827751289e-6 2.164715398235909e-6 255.11210775140427 897.5165046578984 457.84943203833865 1.0000222783484936 1.42901238042813 1.1998880255512898
1352458 4.2761181229184454e-8 2.4907845341020306e-6 7.393944955508788e-7 225.78506700776862 877.8072842342983 446.4679819317026 1.0160891063637345 6.803168005333988 3.120830840268291
1459175 1.4135175499255277e-7 2.9721133784261286e-6 6.853189953204593e-7 298.27113979055474 757.0631227530131 430.9864913217926 1.1583973177362594 4.434676443556768 3.056110234801485
758487 5.52245322537157e-7 2.8439196803744477e-6 1.3184145804648257e-6 279.6715687259063 540.9884512157298 403.7870263273344 1.329977632082355 2.25602698336135 1.779787457367429
2387029 1.4575637675075983e-7 2.6776058913374553e-6 4.1893096618611084e-7 321.28077156011517 714.7420572750552 487.36267888462453 1.2075781478370573 3.7333861658726093 2.8206470181519148
1862382 8.958233699980582e-8 1.5110952383787621e-6 5.369467908080109e-7 370.4321295356538 1805.8719625995159 945.3334021920864 1.2356891542294401 2.7228097287578916 1.785952513759545
991442 2.7005615789819316e-7 2.4409985676590768e-6 1.0086318850824755e-6 287.742066549742 997.2108489388942 477.47363220068695 1.247964590644906 2.7468511581395134 1.9633344801415982
3047754 1.4943514221007197e-8 2.2902488592912637e-6 3.2811059833855557e-7 302.3283983219209 645.7307796913366 485.02563415964806 1.419035049658282 12.477802063684253 6.504024209562555
1408424 3.0841255845109704e-7 2.0844699167530676e-6 7.100136924704367e-7 236.1963518841811 678.6179885808534 405.2440952949822 1.4356602693617775 3.3813938385881843 2.355161391218291
1830803 2.4405891484741275e-9 2.0961429040395182e-6 5.46208415902624e-7 286.66051927741813 1288.9962490587543 698.9176903191675 1.3073230868683947 21.203621972280917 5.698036892863433
1324022 3.879441223803714e-8 3.6538711705691342e-6 7.552749607921983e-7 242.66068448230737 645.9471350967367 410.2222213336075 1.0126590475203436 7.776420198190294 3.0565076305022534
2540516 6.088271978595465e-8 3.824816015087522e-6 3.9362180540322806e-7 249.69782749191296 498.3362443047201 355.58227294764123 1.1022635708709239 6.944855873817145 4.76841259468659
1085875 1.447261507860337e-7 4.0465913149984595e-6 9.209170595988886e-7 247.81598642681288 471.5448277906822 349.1170014933309 1.0459737715927504 4.031583085611828 2.4783451287662923
647155 8.790339883951102e-7 3.0566146038982664e-6 1.5452260298548819e-6 302.73348682177954 919.8015532807349 558.8052558781425 1.150221906622968 1.403262752436818 1.2969789307215105
584176 9.384525555998771e-7 3.541979307246962e-6 1.7118141596508128e-6 258.7667961711056 589.4341926745407 403.43086658336387 1.1776068467352154 1.6200782173830306 1.4456288454478372
599124 3.849291092819532e-7 3.479411507571236e-6 1.6691070788663653e-6 268.1864518321873 836.6584387427305 471.1895511556226 1.0315457829213233 2.0746914861807824 1.4677150514760986
957151 4.813279625276966e-7 2.5201698039338135e-6 1.0447674048308884e-6 244.98504863329524 722.2993219035117 387.52791852040923 1.0426427660482904 2.1537347913869778 1.7489944096052459
1738832 3.58827032781689e-8 2.464369376059042e-6 5.750994200836653e-7 292.72236332134133 1026.3394148107404 639.8839050033829 1.0604746263779947 6.761077920669208 2.814331606656982
724778 6.477777844661496e-7 3.832238105573271e-6 1.3797343887748294e-6 257.19616125630455 771.2973897917047 492.269196354297 1.1052822622738994 1.7312812035737737 1.5396597045668459
640811 3.0323255068807057e-7 3.557682485027125e-6 1.5605239401071877e-6 226.15756658204205 524.5022267133116 369.7475989703343 1.2194035594399302 3.1059053225132334 1.7607338963273496
613760 6.659921679328975e-7 3.141872015118758e-6 1.6293014002446523e-6 277.37727651753244 688.8436402920106 449.10427138187407 1.1605223711319448 2.166961887146363 1.5628476584256927
1814815 6.1964879823544e-9 2.3768555010299023e-6 5.510205990265645e-7 304.7005358672672 719.1340604864829 493.24598702164764 1.3168606770608833 17.953904840461394 4.256833320243801
794420 3.279183399996803e-7 3.4255215340363323e-6 1.2587820243758348e-6 227.4658688626362 707.1032344044775 426.04592773231457 1.0019672802731385 2.381565993399325 1.6959225470308585
1169826 2.551583928821252e-7 2.015861491893799e-6 8.548281351289221e-7 256.3767959122025 501.5912998543891 378.33416900207277 1.4849641926428097 3.3373976033038244 2.268272703292718
1728750 7.424656048725641e-8 1.8800712549146244e-6 5.784531902841705e-7 273.864557661719 843.3798485555917 432.46427973784796 1.561496183804417 4.838148916197713 2.7518790504317447
705871 5.989072189134805e-7 3.86044650166209e-6 1.4166919290193915e-6 245.41576227514958 506.66162123022497 384.85536045934293 1.266821228345976 2.3106245604999787 1.8231803585457382
771133 3.610391084052423e-7 3.830750962210692e-6 1.2967954199507638e-6 240.96039317376275 1206.367190749623 557.311799495174 1.0330977131378147 1.9544093296077047 1.5444563520542793
673046 3.7601730663777036e-7 4.76445084523519e-6 1.4857831181690256e-6 234.80770429669212 575.664158000053 369.75932821075406 1.0257154631734313 2.7468025584684894 1.7026898753457052
1480921 1.6114298555971027e-7 2.1923718321257254e-6 6.752558443805737e-7 255.15442981119904 1257.436420843527 798.5209455290102 1.090232562940378 2.7843346221907006 1.773050039091902
589235 7.302815154260827e-7 4.7918742452913585e-6 1.6971168269342454e-6 259.9587466106236 511.8222820351324 382.70666044728995 1.0315176975193527 2.0304206455140332 1.5954391670947539
1034966 3.43520838006102e-7 4.198607763078959e-6 9.66216630510806e-7 242.8315804219071 435.3713270506054 341.09489909502196 1.161053558249076 3.0641559215463103 2.4512482515102536
901806 3.483115842493805e-7 2.6808484706034734e-6 1.1088867436987733e-6 351.6573076455888 803.2346647649815 534.7976599405946 1.040941764156351 2.2089361427017655 1.4510952602477134
1129909 2.7630764855436327e-7 3.932904462638049e-6 8.850271316584168e-7 303.875353525353 793.7692949600465 479.2464053039605 1.0159104540668225 2.776469750818591 1.9911583967644007
588648 6.981596053569736e-7 4.3168158977315445e-6 1.6988088076266344e-6 261.74085497900796 559.3580558258473 382.5353783910118 1.0810257556102918 2.1481075546276753 1.6419170165189083
1416107 6.185900182083836e-8 3.690795372099419e-6 7.061617046645951e-7 271.1326998792057 1236.0836760280145 581.0427714906841 1.081578341205645 5.014010126559639 2.345834426781172
2183602 9.794753993446197e-9 2.362954340729126e-6 4.5795904014575877e-7 233.5758350853245 523.3339723488347 374.24766821531733 1.5215031670667163 17.745804924218405 6.091189352493062
706450 7.03259421512916e-7 3.785917093093342e-6 1.4155301719460518e-6 220.40387056782558 460.1414755661896 320.57526989889254 1.0346673164553206 2.0672984039389437 1.6215164309028893
1824804 6.183527208967418e-9 1.799873842795604e-6 5.480043517116782e-7 276.8676479911269 897.7463131489669 547.3776512715025 1.1806074416773356 16.337314302067362 4.931651319570471
666724 8.005872516021865e-7 2.5516775045094846e-6 1.499871619062036e-6 249.52405537939939 549.5380852593582 366.4730554305345 1.222191733638193 1.9227106990475569 1.5489312188410678
529718 7.36331477312628e-7 3.58816492616994e-6 1.8877983056158565e-6 253.7036035452042 570.7118625686687 368.77069136394283 1.147838458997658 1.9224879420899863 1.420398444880052
960143 2.322481400802773e-7 3.564142553829699e-6 1.0415141084177408e-6 281.95750792925196 532.0607847329105 390.1007342244151 1.0108690878076534 3.4071552070957503 2.1677556587243
1227098 2.4919717513853314e-7 2.819993660698182e-6 8.149308621025483e-7 349.4193773752509 1532.7289508898377 692.1909009509534 1.1521240594909818 2.916228170338819 1.9118078805222614
1036583 3.7391189903522053e-7 3.5763638375433528e-6 9.647081641940368e-7 291.1968094614633 666.2486985960159 442.5355349301118 1.0633183478203028 2.410044449386485 1.9908825753758261
2375511 7.638062895516847e-8 2.6859685420811985e-6 4.209621026064962e-7 246.1521693276718 583.2073069496918 361.8079400047482 1.357075848152747 6.412461426309146 3.991477092574435
994226 2.3536698990329908e-7 3.3537438145567e-6 1.0058080854179608e-6 276.7580441314272 694.7174368543052 429.2554722017532 1.1160214727622935 3.298250609195158 2.1384338372276734
444984 1.5803526295110765e-6 3.294924990340681e-6 2.2472752794344736e-6 274.6426735795171 456.3521745678136 362.76930381303197 1.2507031384321603 1.5268495672065814 1.3983031702994875
853555 5.741642251258317e-7 3.8202390710024e-6 1.1715709622981878e-6 267.98967669926094 500.20100863893884 374.55757677950174 1.0301326804246513 2.275826444158888 1.8359898014509497
