101703 7.223654733730383e-6 1.4915973846547533e-5 9.832558424196004e-6 154.55209831795614 319.13140112791535 236.06301197526247 0.9999999999999996 1.0000000000000004 1.0
71290 1.0659593980559133e-5 2.023420316836994e-5 1.4027337514612256e-5 121.0829267422964 229.84145028345347 175.66540694307884 0.9999999999999996 1.0000000000000004 1.0
128928 5.73814457337056e-6 1.2830225326539886e-5 7.756287492175055e-6 150.19225717644093 335.8229262500877 250.15071864369745 0.9999999999999996 1.0000000000000004 1.0
70176 1.1100524650998051e-5 1.9565433882927216e-5 1.4250034435000965e-5 107.40789081053674 189.31375337915009 148.11208818376355 0.9999999999999996 1.0000000000000004 1.0
62762 1.2046465576613145e-5 2.3127483266024018e-5 1.5933354261696463e-5 126.38883916217654 242.64841368992265 184.56214599317494 0.9999999999999996 1.0000000000000004 1.0
81596 9.130040881178843e-6 1.732176217160404e-5 1.2255613598764045e-5 112.40387131194218 213.2556854205075 159.666887867558 0.9999999999999996 1.0000000000000004 0.9999999999999999
79808 8.982025258840578e-6 1.9167423952427402e-5 1.253011525756725e-5 148.33342138248054 316.53992190165224 228.4285303015002 0.9999999999999996 1.0000000000000004 1.0
77508 9.644636850406916e-6 2.1097199204824458e-5 1.2901971484919795e-5 134.80886923315825 294.8881967151593 221.91257249879772 0.9999999999999996 1.0000000000000004 1.0
66788 1.1485659683567766e-5 2.2059809774676414e-5 1.4972888735023908e-5 125.90040366100735 241.80926754170375 186.62744457941886 0.9999999999999996 1.0000000000000004 1.0
47243 1.7410848807965715e-5 2.7691548074572153e-5 2.1167215225344944e-5 103.63896922621255 164.8353581368036 136.00940952747138 0.9999999999999996 1.0000000000000004 1.0
69496 1.1355039905841937e-5 1.911603992502073e-5 1.4389319201100861e-5 101.92910207584929 171.59611951702547 135.8322315968852 0.9999999999999996 1.0000000000000004 1.0
115271 6.4582454457438455e-6 1.4132879866442447e-5 8.675263453752328e-6 131.40636846963355 287.5626878645057 215.48561890443327 0.9999999999999996 1.0000000000000004 1.0
114529 6.423181885834525e-6 1.3775550735797788e-5 8.73143799688929e-6 163.41443384023088 350.4686406736084 259.60162377252044 0.9999999999999996 1.0000000000000004 0.9999999999999999
34834 2.1605220312337174e-5 4.428937127253013e-5 2.8707660924986955e-5 157.6248453270799 323.1212269786378 244.82010055055434 0.9999999999999996 1.0000000000000004 1.0
67803 1.1220567467726071e-5 2.098254360296508e-5 1.4748669504474136e-5 118.2936109261391 221.2099215435595 169.226757784064 0.9999999999999996 1.0000000000000004 1.0000000000000002
121982 5.971079104809357e-6 1.2545865519671299e-5 8.197954972450196e-6 187.38130535624086 393.7078401802416 288.7900499229317 0.9999999999999996 1.0000000000000004 1.0
141875 5.042688292950062e-6 1.1160564624109946e-5 7.04846815450423e-6 231.98059312340885 513.4234461235219 369.95638915344426 0.9999999999999996 1.0000000000000004 1.0
68530 1.1215210523229297e-5 2.0561821345227954e-5 1.459227058232109e-5 117.694313840833 215.7792267503137 166.7381234021589 0.9999999999999996 1.0000000000000004 0.9999999999999999
69217 1.1387117293842983e-5 1.9155001253247078e-5 1.4447344603483158e-5 107.99231972305087 181.6608160130735 143.7453029723632 0.9999999999999996 1.0000000000000004 1.0
59857 1.2531278138082997e-5 2.4186351035045143e-5 1.6706595943071406e-5 138.77935359822155 267.85505241819817 202.19851157346702 0.9999999999999996 1.0000000000000004 1.0
69065 1.0902306221438082e-5 2.0550633983459753e-5 1.4479141114961147e-5 127.45329862759355 240.24697498679996 181.97678745478885 0.9999999999999996 1.0000000000000004 1.0
72172 1.0357936278158396e-5 2.0873322680869944e-5 1.3855837034920766e-5 129.64337329391935 261.25744468101584 196.53835764588695 0.9999999999999996 1.0000000000000004 1.0
74064 1.0272957266555445e-5 2.2994064489542152e-5 1.3501970235083263e-5 105.56480524024772 236.2867747364937 180.84638630390228 0.9999999999999996 1.0000000000000004 1.0
70409 1.115438260657572e-5 1.9663445310588237e-5 1.4202804355011449e-5 103.39487789588945 182.26912224637326 143.70782850730942 0.9999999999999996 1.0000000000000004 1.0
68884 1.1269039203863773e-5 2.0785067521679957e-5 1.4517256150073205e-5 111.38420047281379 205.44148314631752 160.28449625179434 0.9999999999999996 1.0000000000000004 1.0000000000000002
54161 1.3631890312117282e-5 2.973129603245732e-5 1.8463762183996495e-5 118.4622146850596 258.3673351839774 191.93349840977717 0.9999999999999996 1.0000000000000004 1.0
73123 1.0490464187391549e-5 1.8622663123963508e-5 1.3675771769878098e-5 107.30854579716028 190.49403944438993 146.73323492156774 0.9999999999999996 1.0000000000000004 1.0
100592 7.367073785891927e-6 1.481664656345856e-5 9.941229807168251e-6 136.72799268112817 274.9871118118791 205.09457004564655 0.9999999999999996 1.0000000000000004 1.0
80670 9.269977371645196e-6 1.7706404143078723e-5 1.239626846971446e-5 112.88326388954317 215.61613489282155 162.07060970853559 0.9999999999999996 1.0000000000000004 0.9999999999999999
99400 7.339340481504677e-6 1.6512912103584413e-5 1.006041054216552e-5 136.5322256908116 307.18627209360733 225.59162931106982 0.9999999999999996 1.0000000000000004 1.0
56248 1.2933708401386747e-5 2.6439009696618158e-5 1.777854906589279e-5 144.4233933761292 295.2294407287371 216.1981631626576 0.9999999999999996 1.0000000000000004 1.0
50057 1.549584104158517e-5 2.8430227365642326e-5 1.9977423690129607e-5 113.35538052681807 207.9731737598329 162.155862263924 0.9999999999999996 1.0000000000000004 1.0
67454 1.0957591456383883e-5 2.214066188843605e-5 1.4825061138284612e-5 147.05861179168448 297.14331059181205 221.0842310300163 0.9999999999999996 1.0000000000000004 1.0000000000000002
99588 7.350337873006371e-6 1.6187084836876483e-5 1.0041450736999468e-5 133.6943301032949 294.4247599200842 216.9457499957886 0.9999999999999996 1.0000000000000004 1.0
86317 8.757491081498799e-6 1.6667406124752312e-5 1.1585314946655268e-5 122.05418181630894 232.2955968353228 176.60983496703176 0.9999999999999996 1.0000000000000004 1.0
64021 1.2551650587982893e-5 2.1291695738318577e-5 1.561994607404381e-5 99.84119712041702 169.36325436533943 136.52202416924354 0.9999999999999996 1.0000000000000004 0.9999999999999999
65182 1.1788670585744992e-5 2.2531286218506932e-5 1.5341681900084512e-5 104.60139015076818 199.9210889131592 154.34401411239494 0.9999999999999996 1.0000000000000004 0.9999999999999999
16168 4.826847874237372e-5 8.477851772386938e-5 6.185253961195946e-5 142.70911671250622 250.65358792730765 196.81529286454665 0.9999999999999996 1.0000000000000004 1.0
121741 6.129247887053295e-6 1.3038010137311573e-5 8.214219298257941e-6 152.55676714941904 324.5156197403953 243.80384211212254 0.9999999999999996 1.0000000000000004 1.0
79306 9.761592631958668e-6 1.7791506695152663e-5 1.2609466560478107e-5 113.04727127964303 206.04028048207363 160.31057415931116 0.9999999999999996 1.0000000000000004 0.9999999999999999
123734 5.980323124022285e-6 1.2463458425977249e-5 8.081857440083261e-6 174.16111043473583 362.96529707669237 270.4587384437614 0.9999999999999996 1.0000000000000004 1.0
70188 1.1124147603303333e-5 2.03713664317298e-5 1.4247652766416833e-5 112.9328207517104 206.81098055717874 162.31619763840243 0.9999999999999996 1.0000000000000004 1.0
132933 5.601051527664114e-6 1.1430348613818645e-5 7.5226327069561905e-6 185.41707163387042 378.3899786068204 283.7159801968788 0.9999999999999996 1.0000000000000004 1.0
32303 2.4380618900940104e-5 4.2721826108113414e-5 3.095731109166758e-5 105.93593058444671 185.63008689067348 146.80181973979583 0.9999999999999998 1.0000000000000004 1.0
115631 6.48244405335509e-6 1.2609257585831372e-5 8.648260105798991e-6 141.76558675423198 275.7538338129516 208.03752334237382 0.9999999999999996 1.0000000000000004 1.0
48631 1.59867254027265e-5 2.7793849508099753e-5 2.0563172094989307e-5 111.65521619208995 194.11907050758649 151.60183633286792 0.9999999999999996 1.0000000000000004 1.0
86926 8.73738491746823e-6 1.6279022121802485e-5 1.1504149449897353e-5 113.21281213918819 210.93197686652275 161.03025584581613 0.9999999999999996 1.0000000000000004 1.0
65191 1.1977871443228618e-5 2.2451292432735256e-5 1.5339739239244183e-5 107.32120517804884 201.16259997498176 157.86491981218782 0.9999999999999996 1.0000000000000004 1.0
74167 1.030647579293085e-5 1.9327479542162208e-5 1.3483254475723415e-5 111.59498445725144 209.2713185805771 160.7725459295195 0.9999999999999996 1.0000000000000004 1.0
85839 8.613215832629059e-6 1.7256867847564444e-5 1.1649722052193382e-5 122.68690252886925 245.80733894386526 182.82538261726347 0.9999999999999996 1.0000000000000004 1.0
201307 3.5357744553332705e-6 8.296122763789814e-6 4.967548244394614e-6 236.89866783111134 555.8444000693248 398.48746543490915 0.9999999999999996 1.0000000000000004 1.0
121726 6.180080461502561e-6 1.3107229339547583e-5 8.215205322045199e-6 165.21045652155135 350.3920954441494 265.43913619439695 0.9999999999999996 1.0000000000000004 1.0
70256 1.1221885143402108e-5 1.9647128037051007e-5 1.423378796659276e-5 109.9598899608386 192.51632051062617 152.47594964393386 0.9999999999999996 1.0000000000000004 1.0
76281 1.0230593549260142e-5 1.867415395396813e-5 1.3109457543850124e-5 103.89684191381257 189.64546014731823 148.63797850164505 0.9999999999999996 1.0000000000000004 1.0
84617 8.759119615220224e-6 1.769997484285762e-5 1.181801257712351e-5 141.09090060507532 285.1091777450478 212.7005965063849 0.9999999999999996 1.0000000000000004 1.0
124804 6.05837447777243e-6 1.2825447418660865e-5 8.012611161359016e-6 140.2439165892523 296.89333081039007 225.99225543819014 0.9999999999999996 1.0000000000000004 1.0
58937 1.2779488599994837e-5 2.5156530155602125e-5 1.6967414844141025e-5 119.4282683983098 235.0955448557337 178.09157108691394 0.9999999999999996 1.0000000000000004 1.0
112762 6.4577109831141755e-6 1.4259348242301937e-5 8.868310580566826e-6 164.45754591672087 363.140658421043 266.26762439701986 0.9999999999999996 1.0000000000000004 1.0
51503 1.545951967042403e-5 2.6705866427561644e-5 1.9416478279385523e-5 103.47535856460081 178.75064447552006 142.86972717053177 0.9999999999999996 1.0000000000000004 1.0
76764 1.042597159185293e-5 1.7872681676254416e-5 1.3027073346964377e-5 103.79957079136616 177.9380147492055 142.9529597094025 0.9999999999999996 1.0000000000000004 1.0
63045 1.2356449776481222e-5 2.2385884492080187e-5 1.5861798841858984e-5 111.99646307024797 202.90131317363404 158.855994382375 0.9999999999999996 1.0000000000000004 1.0
99982 7.389977807153323e-6 1.5189385838270388e-5 1.0001832310510163e-5 126.55118123308324 260.11373378922843 193.39865306524274 0.9999999999999996 1.0000000000000004 1.0
78202 9.886956785722351e-6 1.8611696448396524e-5 1.2787558481397492e-5 112.95449791037056 212.63113343680533 165.28435610972912 0.9999999999999996 1.0000000000000004 1.0
70452 1.1105185557684169e-5 1.9492506985427123e-5 1.4194231093993075e-5 103.89155005689449 182.35685974734636 143.22288475313573 0.9999999999999996 1.0000000000000004 1.0
78847 9.312832304340357e-6 1.7914102259421964e-5 1.2682912552623486e-5 129.63360600099105 249.36234201028728 184.20870327786974 0.9999999999999996 1.0000000000000004 1.0
94887 7.556915989855161e-6 1.6042885048809146e-5 1.053892054523553e-5 150.79025214256933 320.1187739617248 231.10367037590865 0.9999999999999996 1.0000000000000004 1.0
43915 1.7811903885111032e-5 3.241306822107608e-5 2.2771509370944068e-5 115.20605116921543 209.6452810499368 164.85688169782406 0.9999999999999996 1.0000000000000004 1.0
83577 8.920617270651178e-6 1.7585950761341352e-5 1.1965091222151675e-5 131.6926736010291 259.6166614160814 194.76807712784404 0.9999999999999996 1.0000000000000004 1.0
89206 8.595267391332857e-6 1.594567818845221e-5 1.1210058210486207e-5 111.69750476256986 207.21780769648103 159.68269524613928 0.9999999999999996 1.0000000000000004 1.0
104489 7.136978745826338e-6 1.5182355009474955e-5 9.570438663477041e-6 141.17128157870755 300.3109005086905 225.45834134208326 0.9999999999999996 1.0000000000000004 1.0
106608 7.0107894703956025e-6 1.4173318720906471e-5 9.380231745770111e-6 128.11344816295784 258.9997518703797 194.78559954940246 0.9999999999999996 1.0000000000000004 1.0
39465 2.0008620649619022e-5 3.3178207298249584e-5 2.5339095440192942e-5 105.77420505613648 175.3943244571873 138.98233200305899 0.9999999999999996 1.0000000000000004 1.0
100105 7.429512320723208e-6 1.4883534878009735e-5 9.98960593623452e-6 119.56450315976605 239.52345404779658 179.18206349469816 0.9999999999999996 1.0000000000000004 1.0
75574 9.64200008625027e-6 1.954254088464206e-5 1.323206994052136e-5 126.29358856826991 255.9736150161566 187.65908313357275 0.9999999999999996 1.0000000000000004 1.0
85071 8.983795752203944e-6 1.689994692218633e-5 1.1755010101879496e-5 116.60988566451893 219.3617188869332 168.56798984752567 0.9999999999999996 1.0000000000000004 1.0
98568 7.607494234832319e-6 1.5402173990265913e-5 1.0145368364361624e-5 130.90858403571343 265.03822755533736 200.00150128385454 0.9999999999999996 1.0000000000000004 1.0
213568 3.3701651172238457e-6 7.239232392929183e-6 4.6823535237052645e-6 329.2198336961059 707.1757025515822 512.6876358424622 0.9999999999999996 1.0000000000000004 1.0
100335 7.503674350994125e-6 1.5604921450435477e-5 9.966682115884844e-6 115.70965923795687 240.63412922840303 182.24876906604894 0.9999999999999996 1.0000000000000004 1.0
38184 2.1073015221675635e-5 3.6255472420697726e-5 2.6189281839423964e-5 101.98924905273338 175.46935582505708 141.71232759237915 0.9999999999999996 1.0000000000000004 1.0
73437 9.813640091138624e-6 2.1340283665848724e-5 1.3617286717096276e-5 128.1897809937753 278.7555141685241 202.1736677011506 0.9999999999999996 1.0000000000000004 1.0
141999 5.032980441035421e-6 1.0862867432153606e-5 7.042320603960502e-6 182.12674973808964 393.0908854966402 282.91980527868384 0.9999999999999996 1.0000000000000004 1.0
66464 1.1699353101540716e-5 2.032876624085784e-5 1.5045794771647e-5 108.12216959589684 187.87280733324607 146.69399712634012 0.9999999999999996 1.0000000000000004 1.0
81232 9.34239006624956e-6 1.824522425648355e-5 1.231056195362963e-5 137.78716442126557 269.09149550637125 205.53102256693427 0.9999999999999996 1.0000000000000004 1.0
53190 1.5174266846821059e-5 2.419461755229999e-5 1.880065835737853e-5 107.59340717291545 171.55236321963957 138.93727947503015 0.9999999999999996 1.0000000000000004 1.0
105241 7.5028775387379565e-6 1.3246154302931606e-5 9.502067718037529e-6 106.96068667122613 188.8365833880985 149.76659129183673 0.9999999999999996 1.0000000000000004 1.0
60682 1.2173160939006486e-5 2.44084826257959e-5 1.6479353125269388e-5 123.54575088751305 247.7223729430858 184.09335294885895 0.9999999999999996 1.0000000000000004 1.0
146052 5.01945817321544e-6 1.0648790335235803e-5 6.8468992870667344e-6 285.88161249162755 606.498400239146 447.8244238997187 0.9999999999999996 1.0000000000000004 1.0
112201 6.8801686775491336e-6 1.2735108294953855e-5 8.912578914194989e-6 116.76637105102832 216.13312845017688 167.75745888996246 0.9999999999999996 1.0000000000000004 1.0
85502 8.631944512400785e-6 1.9180075268818758e-5 1.1695644351121763e-5 135.56639664949884 301.22687743468185 223.8041904319502 0.9999999999999996 1.0000000000000004 1.0000000000000002
71620 1.0367092248295676e-5 2.061559326635442e-5 1.3962616632856428e-5 116.50101655013366 231.66935479996513 172.97909515284124 0.9999999999999996 1.0000000000000004 0.9999999999999999
52205 1.5003170816427306e-5 2.765999367549903e-5 1.9155561219595284e-5 105.70174383737334 194.87277734848766 153.3397847749385 0.9999999999999996 1.0000000000000004 1.0
52396 1.434593300282457e-5 2.7288966911372024e-5 1.9085529336702767e-5 116.98039644184816 222.52119587845917 168.17536224443376 0.9999999999999996 1.0000000000000004 1.0
196856 3.6253686780698173e-6 8.138244727123878e-6 5.079870651196982e-6 208.01787137351602 466.9594998968127 335.6365986660316 0.9999999999999996 1.0000000000000004 1.0
77168 1.0054671633512038e-5 1.7609375262957177e-5 1.2958739528730393e-5 109.65990490190887 192.05424971629915 149.67571718006118 0.9999999999999996 1.0000000000000004 1.0
28617 2.654684328777657e-5 4.8845321572822004e-5 3.4945046231537314e-5 125.49063793837507 230.89866083252468 176.40860402960607 0.9999999999999996 1.0000000000000004 1.0
77094 9.725094434001869e-6 1.80803928451934e-5 1.2971220285959031e-5 113.69126748336286 211.36892737824985 159.27019445504027 0.9999999999999996 1.0000000000000004 1.0
70357 1.1430831910531947e-5 1.9740252346383783e-5 1.4213313547206657e-5 104.02235929247408 179.63938566953163 145.05397845681696 0.9999999999999996 1.0000000000000004 1.0
65392 1.2518821218367412e-5 1.9259467559891347e-5 1.5292535331608864e-5 115.41248394026023 177.55529467843928 145.7114917426202 0.9999999999999996 1.0000000000000004 1.0
92948 8.100524183477916e-6 1.7807093011860967e-5 1.075873985719349e-5 145.3003834612212 319.40864373077596 242.13939609353204 0.9999999999999996 1.0000000000000004 1.0
82434 9.266662127599998e-6 1.628843575980031e-5 1.2130979502706325e-5 116.6505080632592 205.04193211893494 157.3926542381299 0.9999999999999996 1.0000000000000004 1.0000000000000002
