1103282 1.7765344442821616e-7 2.450699207094986e-6 9.063872266876442e-7 384.9604984052589 907.2808571171859 617.1197802260644 1.141697226592642 2.8564334069236406 1.7666116390324977
2289017 1.3935750104153192e-7 1.258189705862494e-6 4.3686880384600525e-7 600.5727833161069 1836.0543141798826 986.1007123451867 1.110173433833117 2.657861084267898 1.828313924275474
8512947 6.991555670349288e-8 3.7586998865920953e-7 1.1746813902844128e-7 365.62421270143267 854.9563134538654 583.9725449123059 2.58614112047632 5.230926568690087 4.482399972500389
1775814 8.912475642314164e-8 1.5274886536585476e-6 5.631225120586941e-7 432.41212678930634 1604.8902798722072 809.9540678151636 1.2000620090891896 3.388615037956001 2.0597316587546795
4060440 4.121503358323832e-8 8.525820286142439e-7 2.462788008761806e-7 615.0895180461515 2057.918025657971 1250.4080219705775 1.4049508251664236 4.450096021073518 2.2852419647864415
5157718 4.430582958402784e-9 1.0252847828631198e-6 1.9388429096167093e-7 702.9849446948376 5142.791245303179 1834.0775922642867 1.0376263779502635 10.26234150106822 2.855499363345232
749892 7.464624065531302e-7 2.5103673997818615e-6 1.333526094649327e-6 467.729923822405 958.2789311933119 698.2510411237787 1.0258297899194622 1.533789211420979 1.3065734446175998
7498246 1.5776682525886034e-8 1.7477497967631413e-6 1.3336458898111587e-7 521.2680114088423 5813.3398953593405 1931.8275749418879 1.152062882180838 5.136924863043564 3.3104126697402223
1384511 4.906380823797098e-7 1.5996868140773597e-6 7.222768303088566e-7 382.8037369518232 829.31581122333 570.2101073365372 1.28242580149168 1.8441424479128463 1.6840024126363466
1276783 3.0862014784400054e-7 2.082750616706925e-6 7.832186060561744e-7 385.9853650698495 1079.4893514323371 656.3001820122732 1.2255545781885826 2.344318595342901 1.7182059235838585
1131654 4.2922423459312167e-7 2.03463870243946e-6 8.836623277635679e-7 368.04529982602446 793.989778029151 570.9916378550831 1.3057019011888 1.9616816381338693 1.6512797512231923
1079139 4.5165540203309687e-7 2.2178508579410167e-6 9.266649803508792e-7 362.76980700534835 1009.9289912762487 641.4869793038434 1.0656245564904645 1.9852593726445322 1.5609879994719789
1078666 4.1987640087843086e-7 2.108844752780984e-6 9.27072352120531e-7 386.71200241092686 874.5460391678732 578.3121672240663 1.0323929333754083 1.9231989150021385 1.5131403738183382
2252288 1.1172181068311709e-7 1.97758332226902e-6 4.439929744813815e-7 524.5896332263573 1176.3219874428758 804.389984316943 1.014940278365172 3.047892335743432 2.1445700542662576
1075000 3.767084394883972e-7 1.8221076738940641e-6 9.302327860694428e-7 405.4361949914367 1509.2538932274679 728.0278554259522 1.0604312827601066 1.985108220129481 1.3774867349973796
1149309 8.738705364754775e-8 2.9648854313338546e-6 8.700881010815611e-7 365.91853215163644 960.591690798759 577.7489332849523 1.012991542286769 4.306679228428229 2.1237469697237263
1547207 2.1702309068754962e-7 1.5078725810211849e-6 6.463263277025092e-7 421.44443994019787 915.0443849731137 628.1313953632017 1.3285626791866887 2.506827997363171 1.8834413747783698
1309380 2.9563457590684494e-7 1.5569598233692243e-6 7.637205468422958e-7 449.9417910865547 1174.477393289336 744.1408683551065 1.273268649149364 1.9411947277440058 1.5655359589105566
3859301 5.8780792034636833e-8 1.2842179937325872e-6 2.591143125830357e-7 375.2922210082705 1094.4054008550577 616.6339138865488 1.4023755077510334 5.338022538891991 3.430848527787346
1041866 5.531807182703744e-7 1.759826660121671e-6 9.598163684800438e-7 567.480461254953 1754.5973412975336 1049.9281671000915 1.0083837817579833 1.3230462080198586 1.0956892240581535
1570416 1.7426291493240276e-7 1.676969591027988e-6 6.367739758339957e-7 412.1228896483397 1781.6526760066959 816.903005728238 1.0367046883732007 2.746662089314262 1.6767336474481167
1750938 2.0157784769743905e-7 2.1476736329323947e-6 5.711224990361499e-7 412.462659529147 1379.1874358388502 650.6040633876986 1.132893877700514 3.046067724896553 2.2501813031421967
3083450 1.9091376760957892e-7 6.748332898045532e-7 3.2431207512784986e-7 595.3912041801918 2182.126197147721 1216.0336199723286 1.4117782497101363 2.3407253249866833 1.8736361528463576
1761414 3.039391609112693e-7 2.1141206696866372e-6 5.677257530194375e-7 375.7468538925748 860.4088308440773 549.6976839482323 1.0520051815572227 2.5247604296857586 2.1213594813089665
1957585 1.496197706057888e-7 1.177746500986871e-6 5.108335811521735e-7 787.5754285829307 4208.9746667505115 1848.5953714377256 1.0108415210688695 2.0976282558307937 1.3269284616760957
1380337 2.9865303254099203e-7 1.50811086403051e-6 7.244613923437747e-7 490.59544153620925 1140.948955990071 781.2468855995924 1.2190024874286574 2.177276173997204 1.5403094936427537
1559577 1.3469537133934615e-7 2.310689618558003e-6 6.411996327931088e-7 398.7166396554751 1510.9287535987837 711.0031708321968 1.0918864211793198 2.566309166942482 1.8861417602997737
1393191 1.2690137902057459e-8 2.801112366058264e-6 7.177767442920138e-7 330.4709462720102 978.7413315774659 636.2854125562146 1.1918494928039027 10.716548333565816 3.3680061035020503
942276 3.995873628288054e-7 2.6925140685563772e-6 1.0612603498845029e-6 457.6314261534517 1226.5490605085856 771.4152411785178 1.0687162741070433 1.9156790477410492 1.4461215056323171
1544602 2.1851237783915394e-7 1.4765945322296891e-6 6.474164861144811e-7 443.8287217779239 1299.8529180350279 808.3278089807413 1.18169291896548 2.0619104624078655 1.5822551306428894
853946 7.095788365082238e-7 1.9156495484706103e-6 1.171034783511006e-6 359.6347786309893 907.5471371927723 571.969763954983 1.0913695491626099 1.5270429285785108 1.3381656747339885
1018828 2.9500193617043893e-7 2.474039938921916e-6 9.815199917899906e-7 440.6372410800438 1573.7890094792729 742.720528502566 1.06211851052445 1.9891297837827122 1.4746070938150697
957787 2.762040621727614e-7 2.8490816540746076e-6 1.044074103380014e-6 461.1277845066334 894.3048961033152 658.4318835301717 1.086538479294107 2.722191613863032 1.8246017525874783
770775 7.661590668756376e-7 2.2677284186910678e-6 1.2973960608053582e-6 512.7975132153218 1215.8584350527062 758.3099610487848 1.0499555639670737 1.2899017052046546 1.1678555672510267
1150818 4.65422429722371e-7 2.141276239286358e-6 8.689471349088139e-7 397.9756534848668 951.2143159296543 647.1114494482993 1.040783478046901 1.9936781076447996 1.542309439531763
1117178 1.9520596517037415e-7 1.8827220580075201e-6 8.951125961152717e-7 437.21156340949074 1015.8961346222371 656.9951055106146 1.0902131202154677 2.6129465609076328 1.511770373199995
2672888 9.349752440451949e-8 2.012712439673745e-6 3.741272059688272e-7 508.5938256131693 1312.0970751757704 815.4860461129142 1.062024938770335 3.7550779877591003 2.514723659253444
1662449 5.155839869942948e-8 2.433724609659075e-6 6.015227395865839e-7 370.98428529476695 1098.084511418329 610.476072481387 1.0061626095092913 5.608561401818376 2.8225467337243493
2269118 9.752226509720771e-8 1.6150285708771372e-6 4.406999216778439e-7 635.7875360488199 2038.1065560425207 1244.2273914170805 1.0240529817027741 3.2193961146957704 1.9432465050280383
2062499 1.1929062128926345e-7 1.4433255515983698e-6 4.848487819382556e-7 395.2146742577957 1390.5698298896866 775.6938367008845 1.3541154767707368 3.6769656451328077 2.2077746459547654
1735539 3.8134093189571727e-8 2.053865860339919e-6 5.761900947678327e-7 540.010584529724 2032.3449467562905 1081.4106783753298 1.0371187009642333 4.311965538372554 1.8111186500629302
4609592 1.488819994259713e-8 2.5753739738933647e-6 2.1693926135120885e-7 419.2685333616756 2508.509089330397 989.464636222017 1.0698365845937383 8.756206699315122 4.097029409874652
1533361 2.3025337029408577e-7 1.7072281729387402e-6 6.521624269493274e-7 505.36606274613547 2288.51660833478 1120.7932161644967 1.1201193156702003 1.9241939199623093 1.4637876612829186
4914373 3.20549486486495e-8 1.6210459124873897e-6 2.034847852321245e-7 341.5179252948313 1918.8902115408648 642.0431776907911 1.3116352374756968 7.8266488982297 4.236505192469353
922050 6.390194525851479e-7 1.7950361484463735e-6 1.084540424296804e-6 406.19273108108496 1444.0836686524694 791.5875124004407 1.1279722991682215 1.7519597250676329 1.3033528522397582
901436 4.5775800115102004e-7 2.5268641731126946e-6 1.1093416801255908e-6 340.62536284149695 1563.255977601944 730.5129673789837 1.141640382007014 1.612938667965915 1.34705981303386
1360770 2.6822896335861254e-8 2.4374938062477628e-6 7.348783071275908e-7 419.39389394167677 868.5791946212554 657.1276449784468 1.041577984240662 7.95114038932134 2.921394229121774
5372053 2.3185882224797444e-8 1.0980974962553056e-6 1.8614862408104239e-7 335.9784342401717 838.4974121000431 484.26624350361294 1.5313663458392839 9.910672025326386 5.290118294759804
1352130 2.085933448317058e-7 3.1481445124974956e-6 7.395739637704461e-7 321.57863818634644 818.3479847713567 539.2687255651241 1.0599010249982865 2.9126930783861567 2.2018604110611615
1681435 1.98660184896795e-7 2.0347088693087317e-6 5.947303072708657e-7 506.6151193140299 1533.3522062862294 810.3854585099465 1.0364236594581298 2.6914704355824703 1.8497517146530473
661360 6.118181001025768e-7 2.8776253894331602e-6 1.5120380185606148e-6 373.914542280512 1037.2494013951487 601.9954753170439 1.0575366021835617 1.3991072248378114 1.185766952807835
2727823 2.6158153351703304e-8 8.73240639168534e-7 3.6659270532292297e-7 514.1634738910515 1345.8957774258802 881.6494078362107 1.5260704550781807 6.76308107539891 2.505512098527697
3219803 7.856678504202782e-8 1.4112878283923806e-6 3.105780793212396e-7 470.0298957623722 2451.6833846843997 1053.089468713103 1.1575605576890413 3.4885114690735906 2.3175529641332164
2110397 7.214104498399754e-8 2.29976283413197e-6 4.7384457671044967e-7 389.09678998897044 898.3685798157607 622.6237086043271 1.116591581212244 4.425086106717869 2.609908245681307
1387981 4.6142283760363346e-7 1.404355139592981e-6 7.204710161257504e-7 415.8397942302175 1221.2938350173274 721.2434450097808 1.1956450156850287 1.717227535002206 1.5718107444428053
3619340 1.8241150753871978e-8 1.0473220795022834e-6 2.762935105641535e-7 749.87650417537 6485.764766923279 1966.68702828913 1.0197336122123166 4.666449803687149 1.7502418529126549
2212711 2.5664484095877356e-8 1.769142902609452e-6 4.5193459472078e-7 406.5429874801361 949.7760711783285 654.9543086741996 1.1926069397669423 7.257098367304457 3.2491845336317966
1890813 1.5222106613682504e-7 1.6863666138914647e-6 5.288730468505231e-7 410.5126166260498 1442.220255218228 820.1262718804887 1.099265871504975 2.470392472846212 1.8030850944199712
2241808 2.7206655995324484e-8 1.5554202053820236e-6 4.4606879098520136e-7 413.75270703238266 1756.6838875033204 1033.2390409466068 1.0303774092813538 5.434982247116952 1.9930049655098774
770600 5.225273641826078e-7 3.0303478278939696e-6 1.2976905506670267e-6 587.8056528194661 3397.9253991869386 1593.190940728261 1.0011734248810076 1.075622927864001 1.0262544076045268
1891617 1.298861103487137e-7 1.856381166447619e-6 5.286483662898416e-7 539.2111134143381 1811.9370411274851 1014.0429391659427 1.0649780406263103 2.668088715867412 1.777553711444198
3222327 5.018574781511609e-8 1.1507257678285503e-6 3.103347514879113e-7 624.4397093742459 4531.616726007821 1550.919370618933 1.2167344712620514 2.8873176154224383 1.9960871044778927
2140161 9.602337481377411e-8 1.549264883025607e-6 4.672547440642892e-7 432.7499160533288 1168.643038830897 725.4693018608135 1.4175965158803405 3.848161841213545 2.5081034238935156
997292 5.040154650201479e-7 2.6555029491391843e-6 1.0027159572026125e-6 375.8799215644325 938.9047277719051 669.8854255691904 1.1017872170603376 1.6060931265296274 1.4041005730312865
1810186 1.6741716442623943e-7 1.160372666131819e-6 5.524294664620404e-7 696.7263124005466 2864.373022267734 1302.3047913713092 1.1113366642125602 2.0631319422347643 1.4714682652223763
1091192 4.433597876334175e-7 2.450694297186622e-6 9.164291903477818e-7 398.11709351832786 792.2319621117057 572.7323023889617 1.212542588159422 2.065305163495258 1.7435965546173586
1546476 1.9832799993898464e-7 2.132233085166436e-6 6.466319046451734e-7 510.1063929949834 1369.0585344266942 806.8317277522024 1.0857116684124128 2.5322219352517723 1.7636621394333591
2313917 3.118041266894725e-7 6.309417758162186e-7 4.321677106615734e-7 363.0717345280604 896.6220826784113 569.6548685903048 2.030946983130421 2.508867056800579 2.2825224945351668
2414079 2.464380033962343e-7 8.575977278212711e-7 4.1423672877966797e-7 629.860497690855 2737.4524294443345 1216.2223929747647 1.1979714782068633 1.8616098470436628 1.60013006797248
530148 9.290428106446178e-7 3.0127830200806765e-6 1.8862664554548794e-6 338.5110730289202 669.4219777271983 488.7923912383335 1.0839554227593626 1.4446951299848598 1.2071138000012471
2060886 1.346491706787839e-7 1.241559645995575e-6 4.852282003851743e-7 552.6764039872998 1635.9212221780367 972.3303211412432 1.0489487429267983 2.864005076673193 1.7765067015387177
815479 6.71027140468659e-7 2.294940936084361e-6 1.2262743311604134e-6 378.94468316630747 916.6844118169578 618.7855723363535 1.1350755132350892 1.9319794755157274 1.5786268735118814
685048 5.728050463081546e-7 3.082958769508991e-6 1.4597517507397944e-6 361.26989893186 1039.9029160091798 583.738045579738 1.0177830210859924 1.5580873039236713 1.2764371916450121
2655723 3.352983166701564e-8 2.695842656322328e-6 3.765453166595586e-7 397.09128223431253 2869.756387548536 1070.0130310808256 1.0214070522012764 5.54473257478375 2.6997687834199473
6035986 7.345166035489296e-8 7.689272864951545e-7 1.656730218312165e-7 407.7575963868732 1631.1338343257082 696.3523462010284 1.3560331336457425 4.5597830407566935 3.6715728147508657
1524706 1.4567911647783144e-7 1.461846686573645e-6 6.558642521949928e-7 353.4949082119003 2331.95563060068 726.0021547566618 1.296365832648865 2.5036869784216664 1.9227943676509496
2560814 2.2324896590967714e-10 2.5301024090536353e-6 3.905010472213906e-7 414.9663431585067 1118.1830874444986 702.4168425274316 1.0107640494941585 80.61250743364363 13.186402455463005
2387441 1.8472907441142144e-7 1.4344896364097211e-6 4.1885857706551144e-7 510.9696979877487 1844.8641126987925 928.4422618779357 1.1247238659811685 2.716864617269385 2.1579499058485325
3260892 1.6189700023079468e-7 1.0103997545017106e-6 3.066645804818165e-7 339.3390060302759 771.5112326529237 507.0021315587791 1.733594390397246 3.6637846153160583 3.0577802336405857
1543041 3.123698822930283e-7 1.6732836843064235e-6 6.480710800190912e-7 751.7055425013057 1799.4506784282469 1275.9198231604148 1.0327964884130587 1.6064029789400482 1.3559815512480886
1967212 1.0763303213322209e-7 1.5964314390856313e-6 5.083336281652313e-7 342.22185958286167 790.1463411115362 500.9361021046521 1.4301523626339103 4.118051815789543 2.650828305243767
6528402 3.551974835253229e-8 6.54398615143687e-7 1.531768577940339e-7 451.56941802113766 2200.964012976595 1007.6427069407478 1.5128417104312506 5.83083918597048 3.507244060580766
2317619 3.4902869516661735e-8 2.098855193241858e-6 4.3147753035541114e-7 412.52288618206137 1583.8441178304836 806.5593289915736 1.2147164577087786 5.608616011012087 2.493708639572372
820410 7.206055976368035e-7 1.9174343789748884e-6 1.2189032827015154e-6 414.7096375768629 1036.451690314458 643.374980151498 1.1390431848155094 1.4296555640473947 1.2712632699358708
791469 7.687808006790286e-7 2.22744693575321e-6 1.2634742135245205e-6 458.48466068491825 1171.5024310872295 712.9937238256946 1.174095147941013 1.4892949877070376 1.3091330244903092
1356298 1.6497124605411058e-7 2.3761882218528493e-6 7.373020158238048e-7 448.1785901998336 1080.5269267292554 669.4265389078147 1.0211778729162817 3.109753755287888 1.9332074666868968
1502106 1.0523592468135965e-7 2.7660850373583e-6 6.657322617400981e-7 407.7356444767374 1488.8950750804986 688.735777306435 1.0369759936623635 3.488776622768319 2.2154714601221084
1184184 5.820987036637859e-7 1.3508631048624107e-6 8.444634379515666e-7 488.05543644907885 1118.0255730782164 760.5248982329551 1.3873468044269286 1.531089114535394 1.458359271324079
2851989 9.006850992947562e-8 2.0173968652292104e-6 3.5063257467270634e-7 387.2685841525457 960.6063600143104 622.5655103565928 1.0617559572814614 4.662346597674041 2.9368479220039454
2403483 5.7655928502853524e-8 2.002863543572981e-6 4.160632240135384e-7 550.8296621670065 1228.4525823143254 818.4753793344524 1.0420867717240667 4.630156454421453 2.7475328477071144
2206816 1.8635511964240017e-7 1.610815691602836e-6 4.531417146194494e-7 449.55007065716234 1048.4477363597268 680.5056407444299 1.2833042834547248 3.1370665196628242 2.426061164910666
2086967 2.7456801799527976e-8 1.957926679389699e-6 4.791642992101297e-7 453.0137066483394 3073.771349138591 918.1591957352856 1.0708646408041733 5.493820983311383 2.3349482199008884
762203 8.462119209438015e-7 2.039623939780852e-6 1.3119871346334445e-6 421.2173761901189 1019.6670514086331 674.5150400462957 1.1572556864828403 1.5581786042552346 1.2838226494696927
1238701 1.6410584512943867e-7 2.1931735027128844e-6 8.072981188596837e-7 388.9383294626201 1115.769312400526 636.6054757666315 1.131254598852856 3.202815598797224 1.778246599872829
3008689 1.0421381484955069e-8 1.5471719811434354e-6 3.3237088213425994e-7 470.5165857043724 1397.7535730972845 879.3613833466597 1.3812518572794241 10.577319943922417 4.335213088078528
1203724 3.467637997443038e-7 2.6089195312627627e-6 8.307554102280477e-7 405.840348082391 859.7317422710182 621.431337982717 1.2096502051376508 2.437508552838176 1.9785845775817086
1635875 3.809797216174707e-7 1.1718282588958677e-6 6.112939665139829e-7 640.2446669359786 1840.292429820117 1136.553215163304 1.1322957651174061 1.5108470814468675 1.3380698326759977
786368 6.774947741586971e-7 2.7912062175106927e-6 1.271669278483886e-6 453.62616672871366 1342.1951398538195 710.3338947205704 1.0118602153283722 1.6357456724970045 1.347360268233279
1973544 1.8110997591910878e-7 1.9852088223848554e-6 5.067027268051754e-7 494.2566234580808 2343.673739097679 1015.3938288817126 1.0395968018714294 2.267083843750554 1.7557236365730322
4904258 2.8080316559853992e-8 1.2997417755884112e-6 2.0390448079809566e-7 458.8417915889073 3864.402747941681 1683.0499030401445 1.1310950219532718 3.7184170118389286 2.630368324726897
