2609849 1.0753988036477582e-7 2.1789628348177903e-6 3.8316398922339373e-7 459.79513232506264 1282.3100270561633 834.6966341121321 1.0877102767224491 3.3370655773739477 2.289365598261925
1056477 1.1599800524142801e-7 3.0518505331232505e-6 9.465426759554962e-7 432.9699812997039 883.8223036021792 619.7954627225107 1.0108978554684094 3.8107747181075675 1.7839050350828374
1033984 2.2513540037575192e-7 2.054285799469234e-6 9.67133060257036e-7 457.0891830788405 952.5769435969243 657.6118790530271 1.1360917418134204 2.684776688275809 1.638984091135133
1023954 2.8006478083432646e-7 2.3650936659392806e-6 9.766066130912069e-7 440.4349236438897 782.4620161232828 598.4020815047345 1.0522318145188476 2.496116008395113 1.5978966186280652
2215079 7.587613438642143e-8 1.263298254398502e-6 4.5145137202229506e-7 498.54389245812206 2207.5527715976823 1117.0416065052723 1.0099134078947276 2.622771854950987 1.6950698096631498
6643261 3.865917567978751e-8 6.201905276582659e-7 1.5052854694119708e-7 597.4492213108717 2038.6517700757029 1151.514620396492 1.7239079485338855 4.451789285617698 3.1777915138313992
1291127 4.23171299659855e-7 2.020759356201565e-6 7.745177914198595e-7 474.6430141149512 860.3210970581267 648.4526636415377 1.102659507511585 1.9690949501297779 1.7029016141075546
1906986 1.5633567260315457e-7 1.935054082917769e-6 5.243877665878323e-7 465.29285394505246 1139.8489559120794 706.3225565103656 1.021090601621057 3.146107838455618 2.117893024300424
1827031 1.021223900985861e-7 1.3678407223530899e-6 5.473362913970311e-7 463.68413155897144 1201.4124787914766 768.0686266658143 1.2054112344384145 3.663096979772647 2.1893546572694382
1837170 9.896218576834605e-8 1.9389003597661653e-6 5.443155330869606e-7 564.4779998641216 1679.264166588057 991.6744735056798 1.0065233571018006 2.696839714615313 1.6913836237605808
2315734 9.859236346256886e-8 1.7204690501602098e-6 4.3182872058606436e-7 522.0197291425213 1856.885619556764 910.6138201880246 1.186821071198422 2.755379516689641 2.0734961008629496
1336076 4.593951675502296e-7 1.5423726081069157e-6 7.484606018279181e-7 482.48311100685623 1311.600086142166 753.6589912475558 1.0897728071678041 1.948388933215145 1.607903919669493
2007387 9.76950712244553e-8 1.4790975719000696e-6 4.981600645937773e-7 476.1717304959861 1278.8706151300262 685.3704938638028 1.0276134261797092 4.00432203628996 2.173830369119641
1212972 3.2521236457834423e-7 2.0587073793359422e-6 8.244221044620171e-7 474.28898463139944 1137.2463070673632 731.7827249716331 1.0059646382629612 1.9369862111192642 1.5057472097285651
1434425 2.261287279416219e-7 1.7346986513539416e-6 6.97143636432459e-7 502.2495424924537 1242.6590972869876 786.8946945707793 1.1610393025356462 2.7996311212777054 1.8262194849359743
1845945 4.9127509401277915e-8 1.6146369027439793e-6 5.417280262119818e-7 612.306221893259 1366.3130118976067 922.2648462794874 1.0473841643324866 4.636123047619721 2.3318097283817147
2170503 5.736467275348844e-8 1.6918538342705208e-6 4.607228872470668e-7 614.8396510500447 1760.9889332593955 1003.8699189107531 1.1591724709192552 4.934985651190978 2.572020533720021
1856391 5.5975689158360044e-8 1.7046166364112527e-6 5.386799123671378e-7 537.4605864581135 1543.0490649346154 866.2400072304448 1.1380715740159413 4.854039558177814 2.1160619019983007
1049970 3.705939117174541e-7 1.8022308947930642e-6 9.524083464117189e-7 525.1196673472449 1061.4079645342265 759.1817099257213 1.2147333942011198 1.9349490078390894 1.4519282714503903
1439047 2.172573482894016e-7 1.4541265886153013e-6 6.949045885037911e-7 585.0966669693145 1694.3938045908626 942.4150511798333 1.1075592794131928 2.101952951743819 1.4988649273118781
1964251 9.03703215711009e-8 1.249780990616162e-6 5.091000998582972e-7 658.0614938189096 1518.5472530811207 1062.3562634228927 1.2216483323264415 3.2617935690959174 1.7839755268368016
5041260 2.5596401586806478e-8 9.182224114518541e-7 1.9836321633360716e-7 749.1673319343702 2775.6913427626923 1274.1712302073101 1.4060641357168995 6.501406125477187 3.5410305568412426
2003922 3.142550897687e-8 1.7316975966294957e-6 4.990215945435862e-7 579.3975055166976 1848.0165366855338 966.1089900134649 1.0830320065336814 6.430890307520419 2.2064331415467846
1531102 8.150599143977609e-8 1.6223175951310346e-6 6.531245243326663e-7 483.22120570097127 864.7639367345998 661.0440616009805 1.3992354618487064 4.9595445488828345 2.2625550564981385
792738 8.003163412235635e-7 2.518738062817208e-6 1.2614516892965023e-6 446.6027723980279 899.2438360874827 624.7184074997606 1.0391982058325047 1.6565844087572361 1.4562610982523936
1324763 2.706015170260116e-7 1.6257546938113475e-6 7.548522315596612e-7 460.5896581328162 1043.4707611322153 702.0635359069527 1.266652038452359 2.2118456244713185 1.6292515649862882
1654639 1.3397935390211131e-8 2.0532226035302693e-6 6.043615756330164e-7 469.97225774890825 971.2937113095815 666.3142121848791 1.0360103184095442 10.656719732471203 3.327576403930351
1722117 1.6803272641262127e-7 1.450208752598998e-6 5.806806688816149e-7 603.3029571283103 2862.4309088981113 1211.069232249045 1.141191993050364 1.8774957343659517 1.552008244307957
1320819 2.3048070898876018e-7 1.8102415312490925e-6 7.571062311590075e-7 530.2987028647077 1267.1289794964655 862.3529943048659 1.050565289989928 2.1358705939396216 1.4955911218218068
2808714 7.390281802803332e-8 1.7440550676494523e-6 3.560349591576692e-7 481.6909157812113 1684.0309938448677 847.0499156638525 1.0139332755704402 4.141825173618102 2.5628657825653676
1916216 6.990890351230006e-8 1.3975165132064844e-6 5.218621059406604e-7 548.179612828884 1912.913439291549 850.1284309586247 1.3759942630661877 4.85703819115674 2.343339612906269
4067252 6.39706887775106e-9 9.130021451293736e-7 2.4586625079527163e-7 554.0191099988474 1620.4563968860718 868.7752697479788 1.2717887988510748 12.942753609077178 3.4177115020783377
1755093 1.4013561680132436e-7 1.8304269226799279e-6 5.697707851174441e-7 536.9082559113233 1423.8518759966294 806.8887204535046 1.079643844093347 3.0139371539584747 2.0756459594386514
1273044 1.1228567882181377e-7 1.9878614520381177e-6 7.855194997945559e-7 640.0549901144045 2490.6835109771555 1088.8391732730286 1.0004526425496685 2.3926185594216522 1.356973514503163
2231376 1.1414821864708555e-8 1.933657130488185e-6 4.48154085694388e-7 458.0650871383597 1611.6533072631087 788.0204280560953 1.135407409476611 10.402054048375575 2.649154000435002
3251709 9.775359729858358e-9 7.460173258763073e-7 3.0753067231137805e-7 559.2534156762199 1252.2739323765702 894.6063476034024 1.6094036290429017 11.478552816240668 3.4503405112177514
2956318 1.5768763553073066e-8 1.604637769660398e-6 3.3825884048354055e-7 614.3267361206061 1491.3569961365931 990.71252642199 1.2186651712556367 8.751681533441957 3.323007297550561
2255934 1.714779309119288e-7 1.6453925791178382e-6 4.4327546648774794e-7 522.5440279494131 1558.9202045593133 873.7828970315737 1.2511611986906424 2.6135976345003353 2.083996935417213
445311 1.1627443997525489e-6 3.5918274763906853e-6 2.2456247414834983e-6 479.7297991794975 923.7027506698736 658.1050824691085 1.0674646435614679 1.54346728179907 1.2089316464935176
1297943 4.412028360689235e-8 2.1653815559271734e-6 7.704500961186472e-7 542.06062568033 1093.760664855275 792.4783807576096 1.0573207030449734 5.613934997856399 2.4980203976401754
1404809 1.8665552559604663e-7 2.29449449127258e-6 7.118414089589575e-7 446.80148205837514 1031.8345614219186 686.4634461821487 1.0627140312359957 2.7555382358966356 1.8620011573241384
1223404 2.016794084460745e-7 1.6952299649299993e-6 8.173915862496847e-7 455.44407882013246 1425.729386542384 787.2786105187301 1.0114844274423318 2.115989880531608 1.4496034744716548
1028519 3.781286653776893e-7 2.391571923215014e-6 9.722722356241593e-7 462.58486022534595 1530.9590243553578 775.4228737177382 1.0464023615120086 2.1566227120021995 1.4461356206598424
1092753 5.29598475800215e-7 1.5933847711602787e-6 9.151206553279826e-7 507.28533150197956 1175.582365779021 760.0144195654448 1.1516083224703264 1.6205810237083123 1.4065162325309575
1902575 1.5229658696830484e-7 2.0883730610470016e-6 5.256035984295267e-7 466.68794145790633 1306.4443554514658 702.2603018247728 1.1506962544920203 3.4464005617810853 2.4439881951835623
1922030 5.806095489370904e-8 1.7891325727914724e-6 5.202834770938351e-7 502.1059798417014 1319.979603776143 806.1963493552751 1.091340722888156 4.4379373323576745 2.1955296948843293
1445665 2.435698886863003e-7 1.5318666145647725e-6 6.917234028951866e-7 520.0774423211647 1111.790955132613 767.6849512768526 1.176402805712045 2.4781407712096697 1.6894089432593784
2819319 2.457159633983371e-8 1.3057038497352542e-6 3.5469568752163904e-7 465.0416227696583 1368.8831672514864 715.8528107148665 1.3237367997343379 6.657137004685617 2.894898280696114
1745103 1.1849325761066518e-7 1.7874463576670975e-6 5.730321152547851e-7 535.6932787662163 2075.2844930627384 982.3208033217456 1.1933513285111088 3.0160889965664346 1.8405024408049822
2418444 4.379940007733801e-8 2.915635340625318e-6 4.1348901775399126e-7 437.12657125252446 1360.051659964607 675.3489758048169 1.0512153952025671 6.7794494723423675 3.1166687984790356
3755736 1.1032917790934172e-8 1.1811568639023346e-6 2.662594024839755e-7 479.47352432904677 2712.09505788516 1120.3515273884527 1.1960204176358906 9.620561901679677 3.3185343113028236
2667871 4.619697869302843e-8 1.2443907295154664e-6 3.7483086549766414e-7 552.638470615571 2294.897055902168 959.6592431073111 1.236920308349186 4.6245369381753285 2.546154328810675
892825 7.250590767828745e-7 2.293945034984914e-6 1.1200418887274948e-6 469.82738890204854 908.3252514418369 652.8525258549346 1.0609411213155862 1.4946725510608967 1.3680863416776188
2088047 1.0375671984404367e-7 1.6748034996503169e-6 4.789167998891041e-7 506.4802411878621 1497.0735674022878 864.1410555414149 1.296935526727211 3.7222987420363776 2.1765473278010194
930908 3.4705538700142935e-7 2.2814126505120024e-6 1.0742202480130972e-6 471.698883828052 1030.1573070690888 685.4260231437161 1.0353026638918126 2.510189719133058 1.5635320563419042
1625195 3.135615821196204e-7 1.6070331153887314e-6 6.153111381737923e-7 547.8005518072242 1297.7288837444714 884.5604792859697 1.0824352273096562 2.0035893963652915 1.598338789663179
1824989 1.5695463614590867e-7 1.6676672953683102e-6 5.479485537685868e-7 520.5255919714568 1145.4747708149773 763.1969250247878 1.241547221524297 2.8685824255547265 2.030766449082903
1542458 7.736656549461449e-8 1.615871727484845e-6 6.483161183043695e-7 485.6423301760658 1537.2715577928022 874.8365241346597 1.0558837506884404 3.532932334977347 1.6471911363619156
1468069 8.620226642356578e-8 1.910998714016677e-6 6.811675377102291e-7 512.4985779216952 990.8664291692464 736.7640456107584 1.0996035271813676 3.7840479340026327 1.925682845748874
1444177 1.9747633092867045e-7 1.5087050260803445e-6 6.924359000120038e-7 589.5245478664882 1716.7971488409764 1052.8288832285907 1.1143629220712898 1.979331710487456 1.4029745210991318
2066656 2.2732660183540148e-8 1.2677956027821999e-6 4.838734835564395e-7 494.5002194144676 1694.9037241965862 849.218270990879 1.0941247419298468 7.053632296322192 2.2211000872239097
1081840 4.3846556767553614e-7 2.0395229864418758e-6 9.243514971309408e-7 526.277631709782 978.205184699813 734.7187968732339 1.0311775867461141 1.785765203732397 1.4159791853303414
1877486 2.822311205350306e-8 2.022732244253771e-6 5.326279338092316e-7 550.1161679497925 1666.7650176722673 919.7501550075164 1.0864392060189194 5.350172933494818 2.048708110267277
2002585 7.63226190060359e-8 2.114471028911392e-6 4.993546492726448e-7 450.78065726075516 964.9556257341433 664.550917461993 1.0334143427657594 5.034293814633531 2.5298807980112494
622351 8.927305696635119e-7 3.4288913798114238e-6 1.6068116338826737e-6 428.5639574365771 766.4334010260235 584.9809925098916 1.021167471121057 1.7765393093207342 1.4677843470776215
2679919 2.0255755836924484e-7 1.543940749897018e-6 3.731456552447231e-7 530.2788667877354 2020.0888290833705 1383.5656417192142 1.2937349838704577 1.9497477442827031 1.711091814831009
1984234 2.3126757859039145e-7 1.4479792862939852e-6 5.039729935788344e-7 455.1945806685283 1330.3641350216235 771.1948207136495 1.1080124998679572 2.277641976979448 1.8348143570345747
1055931 3.510361088299949e-7 2.069550200626179e-6 9.47031703445895e-7 432.84001115853937 1158.2596799530627 696.0341741976123 1.104930858656659 1.872143295540399 1.465847544450457
1808145 1.6312723881587036e-7 2.0134683747618004e-6 5.530535686111889e-7 513.9648437645649 1077.0549046578446 728.1862990468342 1.0489944925075818 3.0071716657068404 2.104886201864202
1275835 2.0768435194170055e-7 2.1312031229329197e-6 7.838007164125804e-7 591.2112584910222 1417.4799549535428 850.9637740855809 1.093941980894135 2.7815653935717712 1.7331979941592826
755625 5.966054258847347e-7 2.2570002608801556e-6 1.3234079057253472e-6 480.6161655861708 1094.1658197083266 697.3341717140165 1.0259906843086588 1.5118122711249962 1.2294438161623125
2805631 4.327822566150974e-8 1.3968862430851938e-6 3.5642634647275937e-7 474.2547084853571 1636.1519561968023 922.3336432853569 1.054842531905934 4.513444986009322 2.5403530273865917
1995530 2.161835772132325e-7 1.7847372601649591e-6 5.011202928507052e-7 531.1081262594698 1273.5130314128887 812.173284568165 1.0740944449145162 2.5453326557996627 1.9463275263752828
1077475 2.3731311048755688e-7 2.2628508714631917e-6 9.280959718425791e-7 464.0912468621791 1134.5029867050177 748.520727829602 1.0495350117076505 2.6507537707173516 1.5933167373735266
2967218 3.7662942564339995e-8 1.6232490542998779e-6 3.370160395916616e-7 474.5504542895806 1444.6707036219836 796.3040244055815 1.2567162962815421 5.894839043581835 2.858922684315412
2284650 1.9877027226976142e-8 1.6357293738639611e-6 4.3770384286000676e-7 677.3125794557799 1819.384253369256 1134.2597036319241 1.0101665478606239 7.120779707464218 2.529256884057683
1264723 1.6086381913707718e-7 2.4115329287016445e-6 7.906881716012695e-7 519.8176025467313 1306.6486396819946 809.0599570619007 1.0471169368376478 2.687915612339252 1.7220055978724071
1761571 2.8498348054012017e-7 1.0532728747410613e-6 5.676754525659498e-7 527.6334245052285 1795.247628363376 926.032585349074 1.132307644426419 2.2246884232827657 1.6167552146332826
1036547 3.367649009612764e-7 1.8260849039174417e-6 9.64742242369694e-7 475.524223869431 823.2470843959804 640.3609698446319 1.1933266813323926 2.1625110753554484 1.5054778181648192
1950939 5.598482971816404e-8 1.568952702572188e-6 5.125737098919695e-7 574.046215396264 1573.9519878299184 1002.9559897521233 1.1659359838214494 4.556564880433911 2.395406301350658
2583787 3.0743801986390136e-8 2.0068985585171317e-6 3.870288555389762e-7 487.94016097525594 1351.8237457386963 806.0142587977912 1.080016251070784 6.2205140017598675 3.1562200334103694
1445007 1.1601450743015832e-7 2.1984875374530675e-6 6.920387948068176e-7 448.15657935646686 1817.1441208564265 822.7067850154216 1.1094647570012537 2.8734975772301716 1.8047389066737416
1507690 3.015831972113024e-7 1.3744751125664815e-6 6.632663898818481e-7 467.421429117663 1500.1070803309162 816.1845850177382 1.0377928532645304 1.9150125214300275 1.6266572525531593
2900402 7.750180168986922e-8 1.1307809757410545e-6 3.4477990136524427e-7 561.6102477475562 1917.0842491809735 1095.7550481464061 1.246240350685897 2.7829444680259527 1.9799279468224424
1552629 8.960434471263227e-8 1.5591096923329193e-6 6.440689330888969e-7 527.5124531620426 1267.989122842704 820.6233142010498 1.117292523091608 3.8279057819931324 1.9499384456328326
1681931 1.2475706064457232e-7 1.6463469091212022e-6 5.945548258727958e-7 579.6908671825148 1926.6927744063305 976.6282463483861 1.0604232828610443 2.3227445754294807 1.6303303081181695
3322250 2.3486892990894372e-8 1.3483923640361771e-6 3.0100092072507186e-7 443.15930127855256 997.5848493531709 735.1016658825248 1.2692547392505664 7.4330566462856416 3.3937535949679085
7084370 1.9510615411018616e-9 1.6593393391169454e-6 1.4115583628606154e-7 509.9797853048635 1040.1581252199596 742.7226331859777 1.183930365735841 26.383049739488104 7.794205355408101
1173998 2.5690783702721965e-7 2.133951847195134e-6 8.51790314198363e-7 454.90821910369186 1015.7027126314638 732.0243797334373 1.0198484998809552 2.477984489541755 1.639778391619902
1112428 2.3048060855091416e-7 2.1592667152258705e-6 8.989347486018565e-7 581.6243356827349 1230.1081403703465 837.697249188745 1.0443670917660626 2.4601051851571447 1.4506125403002172
1816815 2.858910597685777e-7 1.5637588179882e-6 5.504139354317889e-7 501.1739610687193 1189.1660027776747 786.5256716956775 1.0902116840642386 2.1498827866161356 1.8613165921824313
1732606 1.3348174722447817e-7 1.5913383018523403e-6 5.771658815493994e-7 520.033805593031 1546.9433367892273 958.3256523521633 1.0518477304589045 2.9435522977342163 1.8790025181260637
1415419 3.315329051579591e-7 1.3510870310193434e-6 7.065048333427247e-7 529.2467233316484 1013.6085212200329 736.9676645893485 1.391026985787985 2.2244530954451895 1.7259599824703977
1009835 5.219796304185326e-7 2.036729544018113e-6 9.90260970656195e-7 476.77743445662685 1095.8885970733743 728.4752963882597 1.196841419251212 1.7014649746417025 1.4959139513611277
1493131 2.8808249862801853e-7 1.707309276574198e-6 6.697337865215995e-7 517.5349276935455 1094.4462235374526 776.5826453467697 1.2914720350067472 2.2042980853985465 1.768460982845036
1507212 4.129052090827675e-7 1.4991883391179459e-6 6.634771345780436e-7 515.167228887756 1535.7044496560175 824.5985500662956 1.1004068699248948 2.191277698405883 1.8312491295947286
2423454 1.003186656801854e-7 1.6986824557766766e-6 4.126344376873541e-7 454.5796070559187 799.6017375221256 614.760235603555 1.2034402605291503 4.069173961818559 2.7703752486211974
2772236 7.762383834643285e-8 1.7265875153988376e-6 3.607196663165588e-7 464.49415065102636 1186.8452518231977 739.4288590093039 1.0261319248765508 4.189175080674995 2.529322439250262
7855082 2.3420524499516203e-8 1.7918895166167804e-6 1.273061249742761e-7 510.4217191504743 1150.604529529357 740.7218788480997 1.0656869285626938 8.045038714518688 5.768528023717254
1572336 1.3422407583176042e-7 2.1493777561906924e-6 6.359964082551891e-7 488.57235775106085 1091.5690318389711 743.9978679999055 1.0355259142436148 3.234680107120948 1.8999117754532797
