99048 7.64437080512733e-6 1.3813447693081733e-5 1.0096116617354107e-5 145.82092370151423 263.49973770982933 200.37319425219061 0.9999999999999996 1.0000000000000004 1.0
45627 1.6119497607251627e-5 3.259702505750159e-5 2.1917279541931937e-5 291.818438801603 590.1184511840819 437.06314359437863 0.9999999999999996 1.0000000000000004 1.0
186092 3.919847695799535e-6 8.458851004221831e-6 5.373705599083473e-6 229.558978271689 495.3777147929574 363.8478191140439 0.9999999999999996 1.0000000000000004 1.0
112100 6.60497957472121e-6 1.398115643775029e-5 8.92063686535203e-6 226.49522833429614 479.43603517947685 357.413953732875 0.9999999999999996 1.0000000000000004 1.0000000000000002
49401 1.5545046579515887e-5 2.7645397937468923e-5 2.024252361531994e-5 148.26290504777018 263.67158106890815 203.4006821704912 0.9999999999999996 1.0000000000000004 1.0
144185 5.100141569129615e-6 1.105084633851591e-5 6.9355349941099995e-6 230.64533225311985 499.7559559626413 370.01501836681075 0.9999999999999996 1.0000000000000004 1.0
134463 5.3884034642543706e-6 1.1391962659047915e-5 7.4369932553374875e-6 246.66981171531006 521.5001628620691 380.4584428691521 0.9999999999999996 1.0000000000000004 1.0
145844 5.1171146429434e-6 1.0751263672040325e-5 6.856642351219588e-6 184.16792345592992 386.94421430197053 290.64364628824706 0.9999999999999996 1.0000000000000004 1.0
116947 6.462590944357758e-6 1.2875825369004267e-5 8.550907610167093e-6 172.56655426213266 343.8151720170231 261.44315819921457 0.9999999999999996 1.0000000000000004 0.9999999999999999
135885 5.601554595379077e-6 1.0494123962210175e-5 7.359192760778155e-6 159.931871697687 299.6212673689456 229.31116417899378 0.9999999999999996 1.0000000000000004 1.0
102907 7.634932562861235e-6 1.2952481025295023e-5 9.717557374623728e-6 147.46236467578706 250.1663851884084 197.3774431623129 0.9999999999999996 1.0000000000000004 1.0
115715 6.688717275077328e-6 1.1748778568805433e-5 8.641984041732228e-6 152.88785067436862 268.5485765898187 208.84088301710568 0.9999999999999996 1.0000000000000004 1.0
144386 5.192024596713234e-6 1.0277978938382771e-5 6.92590277449166e-6 185.78032722213112 367.7652628155273 277.45119493857385 0.9999999999999996 1.0000000000000004 0.9999999999999999
141531 5.312581373839948e-6 1.0537583559044011e-5 7.065627551386236e-6 179.1226915967657 355.29250230711904 268.8167958129084 0.9999999999999996 1.0000000000000004 1.0000000000000002
111538 6.813571473781339e-6 1.3440556836518837e-5 8.9655961128493e-6 148.6300291421884 293.18990223938835 224.01392306064892 0.9999999999999996 1.0000000000000004 1.0
106948 6.9463744795526225e-6 1.3925368163510628e-5 9.350375087935546e-6 160.39167765293652 321.53653222336925 240.2510115006431 0.9999999999999996 1.0000000000000004 1.0
115382 6.701320477943888e-6 1.1791227218338189e-5 8.666875572319495e-6 147.63208290888255 259.7642419914948 201.74446230954283 0.9999999999999996 1.0000000000000004 1.0
163500 4.565934762420286e-6 9.6734900983219e-6 6.116239357195112e-6 182.06203725151474 385.72064785684455 289.82615142405797 0.9999999999999996 1.0000000000000004 1.0
98137 8.112193041555895e-6 1.3630513559400462e-5 1.01899206898689e-5 141.18089627338796 237.21922187069111 189.54922702437517 0.9999999999999996 1.0000000000000004 1.0
153878 4.782664130404194e-6 9.827941230107545e-6 6.49869612108432e-6 216.08598483504122 444.03711021815315 328.9915179922185 0.9999999999999996 1.0000000000000004 0.9999999999999999
168709 4.295630006207883e-6 9.341158983233992e-6 5.927400370351231e-6 339.2446140922883 737.7120165987988 538.40256047731 0.9999999999999996 1.0000000000000004 1.0
103273 7.271944421020774e-6 1.4215576193906363e-5 9.683167124754587e-6 166.17903543056613 324.85544487446367 245.38902687944113 0.9999999999999996 1.0000000000000004 1.0
121893 6.482056169305036e-6 1.136307837112992e-5 8.203937974382925e-6 139.8073187431349 245.08296106081227 194.41982461132662 0.9999999999999996 1.0000000000000004 1.0
57112 1.4190588898787717e-5 2.321868320760614e-5 1.7509777777325487e-5 140.08251001361012 229.20341404648715 186.3970818604338 0.9999999999999996 1.0000000000000004 1.0
100996 7.895344801206246e-6 1.3487634192100756e-5 9.901443343855223e-6 136.09107805176149 232.48467594351996 186.01822088129836 0.9999999999999996 1.0000000000000004 1.0
214025 3.3711863760132537e-6 7.80522528300155e-6 4.67237163625148e-6 331.80321882927933 768.215869349315 558.2090297990873 0.9999999999999996 1.0000000000000004 1.0
132984 5.6411353919574405e-6 1.2071833169731202e-5 7.519726068314379e-6 212.5901560002919 454.9355259973908 343.60800242132495 0.9999999999999996 1.0000000000000004 1.0
47257 1.6461006862817054e-5 2.9615159185673984e-5 2.116117109304811e-5 157.25747290940933 282.92346465567056 221.23528036181025 0.9999999999999996 1.0000000000000004 1.0
94681 8.537948324188032e-6 1.424281667062635e-5 1.0561838871853535e-5 135.37305078439235 225.82633101715965 183.13543269699224 0.9999999999999996 1.0000000000000004 1.0
81994 9.095923720929989e-6 1.831348582436356e-5 1.2196121525807112e-5 143.54722462932878 289.0140841140611 216.64808491481728 0.9999999999999996 1.0000000000000004 0.9999999999999999
64096 1.2311352457483593e-5 2.2218772674597197e-5 1.5601618507461226e-5 144.2352894132653 260.30699049478073 206.3743768848947 0.9999999999999996 1.0000000000000004 1.0
74152 1.0295600495958951e-5 1.8949705951752613e-5 1.3485986915297375e-5 141.29641158222014 260.065010542301 199.3975759754421 0.9999999999999996 1.0000000000000004 1.0
151380 4.69269975837153e-6 1.0738930440847036e-5 6.605927629139199e-6 230.52814575048188 527.5482876260058 377.31861073993906 0.9999999999999996 1.0000000000000004 1.0
63535 1.2795584972625393e-5 2.124520545538986e-5 1.5739385939760103e-5 136.4784096593431 226.6025242019622 184.83696073655437 0.9999999999999996 1.0000000000000004 1.0
57379 1.412197459155219e-5 2.3972627073977776e-5 1.742823611187568e-5 139.38028758775584 236.6037153050698 192.4624208873907 0.9999999999999996 1.0000000000000004 1.0
89387 8.285345567052564e-6 1.6856714533121526e-5 1.1187340853214431e-5 228.79019130781552 465.47858645636137 347.07527865417563 0.9999999999999996 1.0000000000000004 1.0
275107 2.6503203731416e-6 6.284921481777535e-6 3.634961687908372e-6 354.4163303368168 840.4564333429041 617.1634160879958 0.9999999999999996 1.0000000000000004 1.0
74349 1.0462919053164434e-5 1.8779841441134652e-5 1.3450145988453758e-5 149.4547135770607 268.25552308545457 209.68084292121745 0.9999999999999996 1.0000000000000004 1.0
82237 9.882728607926176e-6 1.6266116888379834e-5 1.2160030605078258e-5 136.7263305582667 225.0397195766685 183.48749598820328 0.9999999999999996 1.0000000000000004 1.0
120966 6.020973233615375e-6 1.2051368311047138e-5 8.266817082840198e-6 160.17489972261663 320.6004471113058 234.82114752861858 0.9999999999999996 1.0000000000000004 1.0
138337 5.341044771634856e-6 1.119907903739721e-5 7.228756680397531e-6 172.74129494508134 362.20318267808847 269.2865510401785 0.9999999999999996 1.0000000000000004 1.0
105079 7.367087921413627e-6 1.325506711961274e-5 9.516679625522848e-6 153.17791680050257 275.60191897961226 214.4191375815075 0.9999999999999996 1.0000000000000004 0.9999999999999999
110672 6.761501437242582e-6 1.3690861947158458e-5 9.035753551216574e-6 183.8163409988421 372.19605314071356 280.303141369682 0.9999999999999996 1.0000000000000004 1.0
134514 5.425569709181164e-6 1.1272753572534273e-5 7.434174254091705e-6 167.12117665296572 347.22912839418177 254.9456271916992 0.9999999999999996 1.0000000000000004 1.0
93622 8.41156168963838e-6 1.4586714887124064e-5 1.0681262653292085e-5 136.85961673506196 237.33193460788203 187.5620694731158 0.9999999999999996 1.0000000000000004 1.0
83401 9.637892561822615e-6 1.5916025136236376e-5 1.1990357676832041e-5 137.27102348612613 226.6895014929393 182.796227572357 0.9999999999999996 1.0000000000000004 0.9999999999999999
132303 5.445294624832445e-6 1.1097968017639444e-5 7.55844256360024e-6 179.8128918807337 366.4737834664082 265.661607223393 0.9999999999999996 1.0000000000000004 1.0
66379 1.189232153542873e-5 2.1965200454384076e-5 1.5065133698273785e-5 139.52028336808849 257.6949321881965 204.3529704406135 0.9999999999999996 1.0000000000000004 1.0
127066 5.774671205500068e-6 1.2670829748392364e-5 7.869968651830733e-6 197.12814690870533 432.5401566962435 319.52144968677743 0.9999999999999996 1.0000000000000004 1.0
128608 6.236650644430105e-6 1.0285954033068771e-5 7.775570203693011e-6 138.63630012048966 228.64942926178438 183.99673424014506 0.9999999999999996 1.0000000000000004 1.0
122619 6.132980643948348e-6 1.2380730363284903e-5 8.155376691847867e-6 153.7737077949684 310.42504838991306 234.75900211007666 0.9999999999999996 1.0000000000000004 1.0
123162 6.015109754551093e-6 1.236872269669936e-5 8.119396787915873e-6 170.86191506113724 351.33916637501574 261.88958172565924 0.9999999999999996 1.0000000000000004 0.9999999999999999
127148 5.9284926508744415e-6 1.2035500643040412e-5 7.864896178518193e-6 145.68681851777148 295.76047424036614 224.13708722589817 0.9999999999999996 1.0000000000000004 1.0
95665 8.077049957504761e-6 1.4540078039198093e-5 1.0453173080641832e-5 152.21963068019068 274.02149557480675 212.77626453433948 0.9999999999999996 1.0000000000000004 1.0
136094 5.3962753598923445e-6 1.1824305638787476e-5 7.347874369855118e-6 320.59390436429464 702.4845950802716 519.5471895154578 0.9999999999999996 1.0000000000000004 1.0
121258 6.183651327575641e-6 1.2398245764958013e-5 8.246883178553162e-6 155.7491228823101 312.2776173618122 235.47473215392463 0.9999999999999996 1.0000000000000004 0.9999999999999999
126274 6.078019793954939e-6 1.1480914434764179e-5 7.919338864056066e-6 165.14332952955846 311.9431163561924 240.79642624212457 0.9999999999999996 1.0000000000000004 1.0
122327 5.976127214682592e-6 1.3459277106214442e-5 8.174826286913188e-6 202.34337884680997 455.71245535334384 335.40332112010344 0.9999999999999996 1.0000000000000004 1.0
103375 6.79065670235888e-6 1.5487690781864912e-5 9.673526842338102e-6 243.97596548143676 556.4446087034341 393.30007380946387 0.9999999999999996 1.0000000000000004 1.0
138653 5.488140936767738e-6 1.0984451886410546e-5 7.212274229689203e-6 158.95803740331027 318.1527103499027 243.5141771050849 0.9999999999999996 1.0000000000000004 1.0000000000000002
105151 7.439357517249785e-6 1.3671671720607073e-5 9.510136219757778e-6 144.4050010733568 265.3801440394677 208.5763275362535 0.9999999999999996 1.0000000000000004 1.0
102605 7.899490589514405e-6 1.3530011036830867e-5 9.746193754037142e-6 131.73392613258451 225.62992566442122 183.47663270814616 0.9999999999999996 1.0000000000000004 1.0
88066 8.688643361066645e-6 1.5998507905904128e-5 1.1355217715792725e-5 153.60726267686664 282.8389777571045 217.53774215401114 0.9999999999999996 1.0000000000000004 1.0
89877 8.504379929877327e-6 1.633442179627267e-5 1.1126423771987348e-5 139.91157070844443 268.72912886944897 206.3608906731811 0.9999999999999996 1.0000000000000004 1.0
116660 6.6403911386606194e-6 1.1898112177399468e-5 8.571969655795077e-6 146.9802493866416 263.35609733633027 204.95847664262578 0.9999999999999996 1.0000000000000004 1.0000000000000002
110285 7.015060529154735e-6 1.345089668539804e-5 9.067500568375566e-6 140.07136779445523 268.57722594912883 208.77342526928888 0.9999999999999996 1.0000000000000004 1.0
79124 1.0208021443425426e-5 1.8509174863017378e-5 1.2638453359752417e-5 127.3118525753927 230.8417311339326 187.10658091643492 0.9999999999999996 1.0000000000000004 1.0
58632 1.3181525068479306e-5 2.338079616106287e-5 1.70557665890002e-5 149.16955072636708 264.59023829576336 205.4293000750926 0.9999999999999996 1.0000000000000004 1.0
72448 1.0724101776033415e-5 1.8430830016155824e-5 1.3803082688070537e-5 145.44430294580712 249.96585079071815 195.0051456233029 0.9999999999999996 1.0000000000000004 1.0000000000000002
146069 4.7686075109739285e-6 1.07009447140971e-5 6.846092675894692e-6 176.47270024394933 396.01175070754476 277.6009907126771 0.9999999999999996 1.0000000000000004 1.0
133696 5.613351848987554e-6 1.140899057255394e-5 7.479701370968694e-6 151.82772409532956 308.585871589069 232.87310447627343 0.9999999999999996 1.0000000000000004 1.0000000000000002
228150 3.219454073532522e-6 7.241386574733742e-6 4.383097567885993e-6 251.9703778396892 566.7466811591659 419.1982804989619 0.9999999999999996 1.0000000000000004 1.0
106010 7.335451839534647e-6 1.3440264466186303e-5 9.433076948394841e-6 144.23180964068644 264.2664294460751 206.4693944492933 0.9999999999999996 1.0000000000000004 1.0
66197 1.197969721267471e-5 1.9781931122222063e-5 1.5106473262856761e-5 143.013223459909 236.1560301422029 187.94924696159907 0.9999999999999996 1.0000000000000004 1.0
193908 3.844165576337497e-6 7.918711875715925e-6 5.157106885045594e-6 224.65922240677605 462.782265002379 347.32243431589154 0.9999999999999996 1.0000000000000004 1.0
104682 7.487017283511211e-6 1.3294427185908807e-5 9.55275216055108e-6 144.4460311651593 256.4876199562001 201.9148038475216 0.9999999999999996 1.0000000000000004 1.0
92043 8.64060826841585e-6 1.5125139172325475e-5 1.0864529282379814e-5 141.88108793963863 248.35881159572833 198.35041211505325 0.9999999999999996 1.0000000000000004 1.0
160390 4.669570277959409e-6 9.115116271211199e-6 6.234827542251525e-6 179.248935785882 349.89834051564657 263.66409895329446 0.9999999999999996 1.0000000000000004 1.0
181443 4.068650268385447e-6 9.15448827916252e-6 5.51139042992245e-6 203.47613571667057 457.8225643971907 340.2610327050392 0.9999999999999996 1.0000000000000004 1.0
98480 8.378866875655272e-6 1.3536933244078879e-5 1.0154373307739921e-5 135.74955040736805 219.3175555894662 181.52614303323438 0.9999999999999996 1.0000000000000004 1.0
63567 1.2261406638482784e-5 2.2401746322890398e-5 1.573159966416813e-5 155.4390434692034 283.98911504501746 222.52058619327227 0.9999999999999996 1.0000000000000004 0.9999999999999999
118580 6.212987239363066e-6 1.218805033162435e-5 8.433170809232181e-6 176.77003383389862 346.77072179394446 257.03617758077587 0.9999999999999996 1.0000000000000004 1.0
57523 1.362149118332761e-5 2.3835681514714188e-5 1.7384376112350393e-5 140.3908873042561 245.664181132253 193.2557873792402 0.9999999999999996 1.0000000000000004 1.0000000000000002
86986 8.588103248396274e-6 1.6954036006203306e-5 1.1496131302716737e-5 176.35588387393287 348.1495178417663 261.6826249850778 0.9999999999999996 1.0000000000000004 1.0
102058 8.003125289666597e-6 1.3068944109910631e-5 9.798425977533102e-6 136.18196733070332 222.38243878558347 182.20335314270378 0.9999999999999996 1.0000000000000004 1.0
106418 7.484776502797011e-6 1.2483540310465728e-5 9.396945816581782e-6 139.0224932812007 231.8697022267501 185.31159060075672 0.9999999999999996 1.0000000000000004 1.0000000000000002
97937 7.78081070422908e-6 1.512537393555417e-5 1.021072652031332e-5 147.15862879972732 286.06650040072157 219.11989328545476 0.9999999999999996 1.0000000000000004 1.0
88725 9.065264883128243e-6 1.5324688321910534e-5 1.1270845280593898e-5 137.44248795811828 232.34437352913554 187.53714251916242 0.9999999999999996 1.0000000000000004 1.0
43094 1.74720746383069e-5 3.4441656633093206e-5 2.3205689602167567e-5 179.3388844070655 353.5200258455792 267.8261995260342 0.9999999999999996 1.0000000000000004 1.0
70541 1.0412796267719971e-5 2.1920977849166548e-5 1.4176289204602003e-5 190.33147691785348 400.68507845962034 296.2389192612382 0.9999999999999996 1.0000000000000004 1.0
125756 6.02012157070395e-6 1.1753298270742236e-5 7.951907897964119e-6 162.34938260709185 316.96049580422 241.35832261102976 0.9999999999999996 1.0000000000000004 1.0
93993 7.715487666598867e-6 1.6445857518049627e-5 1.0639100815766023e-5 211.13539055550936 450.04317291901293 328.55604013000425 0.9999999999999996 1.0000000000000004 1.0
99370 8.099210295365252e-6 1.3849113323528915e-5 1.0063422541394304e-5 140.27688593233816 239.86418664303608 193.81495614214234 0.9999999999999996 1.0000000000000004 1.0
78541 9.701102590123033e-6 2.0184722225840556e-5 1.2732273247844515e-5 168.98755758366943 351.6061063947931 269.5709561771412 0.9999999999999996 1.0000000000000004 1.0
74741 1.0779228585526441e-5 1.7941993057837456e-5 1.3379580657750157e-5 140.38262178110907 233.66644518696486 188.93813004675408 0.9999999999999996 1.0000000000000004 0.9999999999999999
115890 5.956337119870681e-6 1.2612498431606573e-5 8.62891940021278e-6 182.58687273681176 386.62631071408975 268.55128131359663 0.9999999999999996 1.0000000000000004 1.0000000000000002
34517 2.3281545618484573e-5 3.794390040471442e-5 2.897148157332099e-5 142.82814494820062 232.77908587829384 187.73406431301876 0.9999999999999996 1.0000000000000004 1.0
152615 4.84122010708891e-6 9.831064593003046e-6 6.552470157690847e-6 197.2846292294001 400.62585262770637 297.9400785528938 0.9999999999999996 1.0000000000000004 1.0
129721 5.931427754529484e-6 1.0668521296835317e-5 7.708899438791658e-6 148.04770579778292 266.2849768413892 205.83241783370335 0.9999999999999996 1.0000000000000004 1.0
130943 5.66304920071687e-6 1.2181111564481443e-5 7.636936080383811e-6 199.9530012697046 430.0951183349858 321.06862712294907 0.9999999999999996 1.0000000000000004 1.0
