60770 1.3066303745489411e-5 2.301031584813068e-5 1.6455725914308103e-5 100.072793234597 176.2324391798761 140.43868688145437 0.9999999999999996 1.0000000000000004 1.0
83992 9.191503876682834e-6 1.786667510693827e-5 1.1906044233885608e-5 121.32897936733305 235.8423044254739 183.16219291566836 0.9999999999999996 1.0000000000000004 1.0
60490 1.2809901141010511e-5 2.376553319049354e-5 1.653175345494928e-5 105.60282277137023 195.919340981333 152.51066284638264 0.9999999999999996 1.0000000000000004 1.0
100350 7.316155835067284e-6 1.4395218444760077e-5 9.965156987162218e-6 111.06010987674165 218.52111658308445 161.25531228447107 0.9999999999999996 1.0000000000000004 1.0
66400 1.1768796806676829e-5 2.1327908785964526e-5 1.5060453819925349e-5 109.38852036239221 198.23847950175517 155.65775359655953 0.9999999999999996 1.0000000000000004 1.0
53986 1.451708593519237e-5 2.571547420581695e-5 1.8523339769081487e-5 110.44668136713454 195.64455280446035 154.04933936812358 0.9999999999999996 1.0000000000000004 1.0
59167 1.3059948742367617e-5 2.3173453698119953e-5 1.690147490387928e-5 111.50903655853865 197.8606154271018 153.61129670143376 0.9999999999999996 1.0000000000000004 1.0
77686 9.706080478247615e-6 1.7893955885624787e-5 1.2872346544607116e-5 117.36975331285117 216.38077211430712 164.0132384826751 0.9999999999999996 1.0000000000000004 1.0
91639 8.187492191782902e-6 1.676995515434501e-5 1.091240376873433e-5 122.4935967144291 250.89637650672077 189.3938779262809 0.9999999999999996 1.0000000000000004 0.9999999999999999
89660 8.402608873041568e-6 1.6057498654515607e-5 1.1153312100867988e-5 129.08953653193552 246.69184184259998 186.99041873760112 0.9999999999999996 1.0000000000000004 1.0
73321 1.1149110348438098e-5 1.865965812551603e-5 1.3638761369935376e-5 98.97383007783884 165.6471032134068 135.83113091579975 0.9999999999999996 1.0000000000000004 1.0
96341 7.644775757031909e-6 1.5981324859151493e-5 1.0379877291409169e-5 146.46154919621438 306.17635774683083 227.01971662439362 0.9999999999999996 1.0000000000000004 1.0
80785 9.65014721903596e-6 1.7332823821692792e-5 1.2378664655075756e-5 109.59787170230236 196.85094520643682 154.19153786803201 0.9999999999999996 1.0000000000000004 0.9999999999999999
73080 1.0901846666725212e-5 1.8354007433696678e-5 1.3683748445756537e-5 105.36113901820237 177.38271211107815 141.85062086033224 0.9999999999999996 1.0000000000000004 1.0
73488 1.033858880015462e-5 1.938414679240265e-5 1.360780926924392e-5 109.68683711611747 205.65531649942218 157.01955850979814 0.9999999999999996 1.0000000000000004 1.0
58389 1.395741769232885e-5 2.4598640574555707e-5 1.7126602977493763e-5 95.61949337713196 168.52039548819434 137.79658129040703 0.9999999999999996 1.0000000000000004 1.0
79143 9.304214855205958e-6 1.8571249163331584e-5 1.2635460798754075e-5 119.53535092267313 238.59302696230563 176.7109011233808 0.9999999999999996 1.0000000000000004 1.0
47185 1.6347753841473417e-5 3.132197789224561e-5 2.119330264308142e-5 114.9855664720498 220.3101053447396 170.87357456414645 0.9999999999999996 1.0000000000000004 1.0
44181 1.7078421724465192e-5 3.245181133819348e-5 2.263454668621305e-5 120.4271915678389 228.831478915267 173.6338221683087 0.9999999999999996 1.0000000000000004 1.0
64391 1.151444788216008e-5 2.132415450610216e-5 1.553035071606603e-5 113.83801380378519 210.82204026306403 157.0752841085417 0.9999999999999996 1.0000000000000004 1.0
65097 1.1651042852223359e-5 2.310823790937089e-5 1.536183166747832e-5 132.28875341489075 262.3765121644916 200.2624861500058 0.9999999999999996 1.0000000000000004 1.0
71514 1.0871936827270407e-5 1.9537152260459462e-5 1.398339967806503e-5 107.31532414882723 192.84841892358554 150.60720163871855 0.9999999999999996 1.0000000000000004 1.0
77685 9.83570541587612e-6 1.7948287030159326e-5 1.2872559320964237e-5 117.69385676403957 214.76884814766268 164.97770105476206 0.9999999999999996 1.0000000000000004 1.0
194951 3.726976593814761e-6 8.383186224676792e-6 5.129503088720972e-6 252.88174898157192 568.8135519962041 416.2684288833716 0.9999999999999996 1.0000000000000004 1.0
39016 2.0044625666520376e-5 3.516477328123696e-5 2.563079204921514e-5 104.97397911873088 184.15839924139996 144.59340637956294 0.9999999999999996 1.0000000000000004 1.0
86138 8.740868709108518e-6 1.6292829962886523e-5 1.1609334913593839e-5 112.98174204034379 210.59603721719452 159.36005115597635 0.9999999999999996 1.0000000000000004 1.0
45825 1.6069147119475238e-5 3.339443125291887e-5 2.1822154651877268e-5 133.8304891647096 278.12260580643357 206.12870659424695 0.9999999999999996 1.0000000000000004 1.0
76079 9.514509386427655e-6 2.052741581418229e-5 1.3144307770075304e-5 114.9963841956998 248.10302871527264 180.6514352040566 0.9999999999999996 1.0000000000000004 1.0
37166 2.0738394174730647e-5 3.5713892337086745e-5 2.6906603141683092e-5 111.14723270513787 191.4082772731354 148.15557340656883 0.9999999999999996 1.0000000000000004 1.0
68432 1.118183971220958e-5 2.2001379472026462e-5 1.4613223607130332e-5 116.59501753538846 229.41226948036416 176.55763375527886 0.9999999999999996 1.0000000000000004 1.0
59654 1.343015848714505e-5 2.2022283686506337e-5 1.6763387653719097e-5 105.3784565179045 172.79574668495135 138.91485594165957 0.9999999999999996 1.0000000000000004 1.0
119617 6.172502557352641e-6 1.2772760995978392e-5 8.360037574113893e-6 148.07066344634634 306.40265875034214 227.7587188258453 0.9999999999999996 1.0000000000000004 1.0
70177 1.0622138121992892e-5 2.040905956277984e-5 1.4249695713679905e-5 110.85271469521345 212.98910171636777 159.5719278240643 0.9999999999999996 1.0000000000000004 1.0000000000000002
131505 5.654055037619141e-6 1.1440416097873654e-5 7.604309183529516e-6 158.33839013290236 320.38193037304393 239.8345255380748 0.9999999999999996 1.0000000000000004 1.0
69238 1.1154893685107375e-5 1.9719602385686304e-5 1.4443124351849271e-5 109.02951925170494 192.7422016416515 149.51908584193666 0.9999999999999996 1.0000000000000004 1.0
50716 1.5385940486997548e-5 2.727976847271322e-5 1.9717968187225123e-5 111.87028885176515 198.34962844362593 155.51452193701024 0.9999999999999996 1.0000000000000004 1.0
60976 1.2821986294468328e-5 2.2556283855685134e-5 1.6400143101491562e-5 108.76386747424418 191.33608566167166 150.25890628503302 0.9999999999999996 1.0000000000000004 1.0000000000000002
98927 7.410106272683725e-6 1.4657929338401538e-5 1.0108475489878805e-5 134.5881756651807 266.2288361446276 196.38428251447593 0.9999999999999996 1.0000000000000004 0.9999999999999999
74698 1.069766927492738e-5 1.7944446827539442e-5 1.3387297232816179e-5 103.97795983606935 174.41434424294678 139.8653852975858 0.9999999999999996 1.0000000000000004 1.0
78525 9.868222153799899e-6 1.905146462404612e-5 1.2734877502008851e-5 109.17439951603107 210.77071207099198 164.183801458497 0.9999999999999996 1.0000000000000004 0.9999999999999999
66277 1.1754821980426032e-5 2.2044993388748733e-5 1.5088354988164881e-5 104.74532831926412 196.43939092787556 153.7556352604038 0.9999999999999996 1.0000000000000004 1.0
64266 1.2183849819095196e-5 2.0500187204845193e-5 1.5560470260144373e-5 104.75642441186024 176.26007733513165 138.48235748840034 0.9999999999999996 1.0000000000000004 1.0
66479 1.1935786610860782e-5 2.0406572578390684e-5 1.5042565577758051e-5 103.51189424085082 176.97392316234513 140.93335855009477 0.9999999999999996 1.0000000000000004 1.0
83678 9.094627837261172e-6 1.7433894249948983e-5 1.1950598168328864e-5 113.24809590887268 217.0902826825228 166.09426274675437 0.9999999999999996 1.0000000000000004 1.0
60024 1.3356945818711927e-5 2.333931339430127e-5 1.666008991234222e-5 100.91754395316678 176.33867931144073 141.90344242673387 0.9999999999999996 1.0000000000000004 1.0
78774 9.997271076432901e-6 1.7504003536927076e-5 1.2694636232973599e-5 105.24870793568465 184.27766356222125 145.7145082386336 0.9999999999999996 1.0000000000000004 1.0
66422 1.182728644697051e-5 2.1694527001212346e-5 1.5055471199155243e-5 101.0955728444705 185.4373481703553 146.28606603707803 0.9999999999999996 1.0000000000000004 1.0
100190 7.458301802667938e-6 1.4917900039628123e-5 9.981049976565963e-6 132.75982306438277 265.5427230156773 199.6822803265557 0.9999999999999996 1.0000000000000004 1.0
51632 1.5430339026188914e-5 2.604205264254562e-5 1.9368033875016637e-5 109.55714544597247 184.90150762265625 147.93971298103946 0.9999999999999996 1.0000000000000004 1.0
70479 1.087951669543745e-5 1.9861036505270373e-5 1.4188763284312295e-5 108.91334157367427 198.82609802077707 153.16670439247181 0.9999999999999996 1.0000000000000004 1.0
82865 9.364168549284093e-6 1.759468163400254e-5 1.2067953576971385e-5 110.71583195442803 208.02805981432422 162.25195382600361 0.9999999999999996 1.0000000000000004 1.0
72802 1.0653075581162585e-5 1.925466921824095e-5 1.3735983171562956e-5 111.78224840316427 202.03838798253258 157.47216770400289 0.9999999999999996 1.0000000000000004 1.0
68296 1.1051556652102256e-5 2.017464097352475e-5 1.4642251987909993e-5 120.12922587425922 219.2961660274005 166.40725465310692 0.9999999999999996 1.0000000000000004 1.0
48228 1.6529242756058013e-5 2.7793136239313847e-5 2.0735186492723273e-5 103.9801276599753 174.83764361653948 139.87124490086399 0.9999999999999996 1.0000000000000004 1.0
48097 1.6882218644389336e-5 2.7965046218162036e-5 2.0791497689422234e-5 103.12395613509868 170.82270169958846 139.188933599249 0.9999999999999996 1.0000000000000004 1.0
102765 7.355862683912158e-6 1.4446832777485425e-5 9.731012383909506e-6 137.34316635824987 269.740456391001 205.21439082201084 0.9999999999999996 1.0000000000000004 1.0
66723 1.1889427430619874e-5 2.0326506025979604e-5 1.4987384533420235e-5 104.6843701247723 178.97140064852755 142.51574276951203 0.9999999999999996 1.0000000000000004 0.9999999999999999
224781 3.1808657659866982e-6 7.209664486819736e-6 4.448780405187548e-6 277.4544574351526 628.8707841336874 452.90823853642075 0.9999999999999996 1.0000000000000004 1.0
113104 6.615479511678159e-6 1.3210459686951407e-5 8.841463740018722e-6 130.3133151991642 260.222829512604 195.92312339606528 0.9999999999999996 1.0000000000000004 1.0
54891 1.3960986236062627e-5 2.6049512581716385e-5 1.821810468105204e-5 116.8128349018083 217.95862849720848 167.94172134983182 0.9999999999999996 1.0000000000000004 1.0
124846 5.891693400511688e-6 1.217867443006493e-5 8.009929555535698e-6 196.68474483439343 406.5655338566053 301.1726963169424 0.9999999999999996 1.0000000000000004 1.0
70068 1.1265539802287033e-5 1.983014094475504e-5 1.4271920150141963e-5 102.79566577913202 180.94583807659993 143.38360473064145 0.9999999999999996 1.0000000000000004 1.0
64061 1.206060599762264e-5 2.186351936607213e-5 1.561013415011977e-5 118.49921998478652 214.8159048983539 166.86316488369488 0.9999999999999996 1.0000000000000004 0.9999999999999999
72446 1.0524261645307873e-5 2.2192569880907682e-5 1.380356142235337e-5 121.58136820755766 256.37931677283547 196.70814034966892 0.9999999999999996 1.0000000000000004 0.9999999999999999
81459 9.62712651040723e-6 1.6928253520465832e-5 1.2276233556628169e-5 110.99632059610245 195.17494164624256 153.77621082304228 0.9999999999999996 1.0000000000000004 1.0
91775 7.932552265990092e-6 1.6629984580941607e-5 1.0896284025026841e-5 178.95607682505963 375.16762556056045 275.03790145473965 0.9999999999999996 1.0000000000000004 1.0
99955 7.435647991564322e-6 1.4756531211347819e-5 1.0004586064163434e-5 123.41341314639217 244.92201420236424 183.12481138075586 0.9999999999999996 1.0000000000000004 1.0
152969 4.7554590329865106e-6 1.0444748558275551e-5 6.53730744956862e-6 172.18252956024494 378.1765787298091 277.03611271706654 0.9999999999999996 1.0000000000000004 1.0
150727 4.80591363908607e-6 1.0234484136724997e-5 6.6345115168362574e-6 218.92746738986716 466.219299879277 340.1451424737653 0.9999999999999996 1.0000000000000004 1.0
46371 1.7177278038507506e-5 2.8363452693412818e-5 2.156546980613674e-5 111.04523430191566 183.3600319497996 146.65339069417416 0.9999999999999996 1.0000000000000004 1.0
198451 3.6352758168074525e-6 8.462898395071807e-6 5.039042647440036e-6 216.10774423634103 503.09741929471573 365.5554674626692 0.9999999999999996 1.0000000000000004 1.0
25136 3.1986293247533646e-5 5.362989430935496e-5 3.97844586660068e-5 110.12982333835505 184.64942906128465 149.09599263756158 0.9999999999999996 1.0000000000000004 0.9999999999999999
236625 3.113497526114212e-6 6.658445456552697e-6 4.22611585408038e-6 241.4264495211481 516.3083742391796 383.1210321313455 0.9999999999999996 1.0000000000000004 1.0
55161 1.4343070099263184e-5 2.468359393419631e-5 1.8128876255863804e-5 108.27253601426641 186.33077121606544 148.04770672765702 0.9999999999999996 1.0000000000000004 1.0
51772 1.482924013711052e-5 2.6644920384385406e-5 1.9315537925387553e-5 116.30258557408415 208.9704600146464 161.2636244735458 0.9999999999999996 1.0000000000000004 1.0
86972 8.450443257255645e-6 1.7390925837385714e-5 1.149799373711632e-5 146.87877465447542 302.27501674647306 223.64218767147545 0.9999999999999996 1.0000000000000004 1.0000000000000002
53513 1.4737556169239465e-5 2.5493035817809027e-5 1.8687084358683432e-5 100.36127666626625 173.60501235030742 137.36792238941294 0.9999999999999996 1.0000000000000004 1.0
102766 7.263396951057383e-6 1.3565803836940285e-5 9.730891767516437e-6 123.65678676244075 230.95305455960502 173.36641133885706 0.9999999999999996 1.0000000000000004 1.0
106286 7.093284408996311e-6 1.487277276286465e-5 9.408634919238941e-6 133.47219802683028 279.8564891738221 212.36793255607373 0.9999999999999996 1.0000000000000004 1.0
65037 1.1967052808102615e-5 2.2447107140096203e-5 1.537591237633155e-5 103.37271171762819 193.9005678755572 151.60805022252757 0.9999999999999996 1.0000000000000004 1.0
85680 8.793517144259705e-6 1.7486421098925696e-5 1.1671444395378122e-5 140.20020976251305 278.79628433605666 211.42946135327753 0.9999999999999996 1.0000000000000004 1.0
118405 6.045911319064905e-6 1.2670952482458076e-5 8.445606698952864e-6 190.16143351025977 398.53817908418864 287.31284714287784 0.9999999999999996 1.0000000000000004 1.0
85197 8.81350968196515e-6 1.7250761670715627e-5 1.173755470079594e-5 127.25213330860592 249.07174360843615 188.1527626481852 0.9999999999999996 1.0000000000000004 1.0
175169 4.211479300877776e-6 9.837805256915106e-6 5.708802125392156e-6 206.8974023320713 483.3019960184296 359.0991956303743 0.9999999999999996 1.0000000000000004 1.0
127149 5.877023747608955e-6 1.1516872542761267e-5 7.864801231819944e-6 125.94614656599623 246.80957225034888 185.5426075004818 0.9999999999999996 1.0000000000000004 1.0
52158 1.4424835357173027e-5 2.627480061045209e-5 1.917281414718695e-5 108.9354621895937 198.42566501223212 149.95645216767153 0.9999999999999996 1.0000000000000004 1.0
88043 8.452823194152189e-6 1.7335158284192396e-5 1.1358096630436548e-5 119.04210979881178 244.13308647864025 182.77034008983048 0.9999999999999996 1.0000000000000004 1.0
42018 1.920507665675249e-5 3.117773166818706e-5 2.379961811216129e-5 108.56226883216013 176.24117557211673 142.75978059038525 0.9999999999999996 1.0000000000000004 1.0
58506 1.3055633544325389e-5 2.476718037023728e-5 1.7092417910074075e-5 126.64523502080979 240.2522534155245 184.63012741262142 0.9999999999999996 1.0000000000000004 1.0
118683 6.121321719091877e-6 1.3051242906167622e-5 8.425843017955197e-6 170.64690785287476 363.83551588670304 266.1574769463659 0.9999999999999996 1.0000000000000004 1.0000000000000002
62403 1.2654049302873219e-5 2.2201291375361033e-5 1.6024879744249482e-5 105.34045197202238 184.81784066639213 146.55092219048058 0.9999999999999996 1.0000000000000004 1.0
55938 1.3784352722668566e-5 2.5485276326901286e-5 1.787724796036023e-5 110.71233024403466 204.69110054216165 158.62779869655662 0.9999999999999996 1.0000000000000004 0.9999999999999999
26467 2.7950623343307674e-5 5.7361901973637674e-5 3.7783394166750076e-5 144.5821846845903 296.7200052444484 220.93525967964578 0.9999999999999996 1.0000000000000004 1.0
70203 1.1103384089673473e-5 2.052824625869273e-5 1.4244502568066933e-5 107.90048955993917 199.4894352236242 156.25364231204114 0.9999999999999996 1.0000000000000004 1.0
41475 1.8861384737154842e-5 3.208429433475961e-5 2.4111062196094686e-5 111.43613499346705 189.5592399223668 148.92223433357609 0.9999999999999996 1.0000000000000004 1.0
80860 9.373133096638125e-6 1.754067359590568e-5 1.2367159160436904e-5 117.01208561361423 218.97382437263582 166.85668725210857 0.9999999999999996 1.0000000000000004 1.0
63497 1.1826452422798559e-5 2.2189555292256503e-5 1.5748781498895672e-5 116.67600101884885 218.91506288869664 165.26959561882776 0.9999999999999996 1.0000000000000004 1.0
78355 9.562748652275004e-6 1.829859588597324e-5 1.276253929360162e-5 117.6320787775394 225.09238201770341 169.59834856104519 0.9999999999999996 1.0000000000000004 1.0
44955 1.8451495848035893e-5 2.884886541216262e-5 2.224487825040126e-5 104.27101806433684 163.02746353474834 135.64313927095648 0.9999999999999996 1.0000000000000004 1.0
78837 9.96611229005618e-6 1.885137506412194e-5 1.2684485892178185e-5 100.53572950046286 190.16811059306772 150.0809613964582 0.9999999999999996 1.0000000000000004 1.0
