856817 2.6803907100729955e-7 3.2136898364041086e-6 1.1671104574647515e-6 288.7281528149316 754.3024882718577 460.1534194136066 1.0609247070364938 3.064957852241401 1.7403845288764583
486660 1.2924159396116707e-6 3.603944631643186e-6 2.0548266485992346e-6 244.46328295214752 468.20088605956994 335.1465847580619 1.2879993536986944 1.7403313330309704 1.559715036308648
2246261 1.0263616341880737e-7 1.2893537186211237e-6 4.451843892805984e-7 472.77739487421945 1640.845149730372 852.4984853193318 1.0596662969388289 3.236497469126701 1.8982369479175023
1155888 8.303187301981378e-8 2.9615583227402894e-6 8.651361835712363e-7 263.2697463841195 877.9760342467055 512.9223819503162 1.327099850999259 4.766312164170059 2.4420472054969413
375209 1.6023801398498004e-6 4.065421590001935e-6 2.665181731318716e-6 237.51244896136473 466.47320785751936 334.5933080039643 1.1307067329146676 1.2923135234172205 1.1912875365676174
5012700 1.927282766111946e-8 9.365564903984317e-7 1.9949335845891578e-7 364.51639537160173 2201.923208988883 807.7166795988057 1.5191507833029985 7.559330139634968 4.098059569464309
2397664 1.828979547388959e-8 3.596107802302433e-6 4.1707305842030277e-7 319.6490066142259 778.1910234271202 549.1890907231272 1.183130818066283 13.203131329945336 3.659635267242313
1477440 2.0325472489861626e-7 1.8426897973863289e-6 6.768472082155281e-7 442.2941109199165 1558.1913747091762 874.3802672704633 1.0589391857887436 2.4384758800321102 1.8007729341202547
387839 1.0902197628379564e-6 4.35768385490073e-6 2.578389631946492e-6 268.72325032751723 597.1760040542795 400.60867394555936 1.1345784755688444 1.8096298734779948 1.2911216039538906
1161518 7.717684090889414e-8 3.1381018949351324e-6 8.609423885873322e-7 248.96278797790575 844.9115531582405 410.4125611965419 1.0837584353210303 4.568202298223325 2.280479583803971
1796200 7.686454022826161e-8 3.1673310873185246e-6 5.567314061751231e-7 365.1930905836778 1210.110907734981 820.1466502157087 1.0003496782213843 3.7126743110213525 2.27540692168662
6060925 1.727459700994041e-8 3.2557356025775835e-6 1.6499143526490105e-7 322.21206426658154 1249.4960016090909 667.5436292075647 1.065331482221959 9.089957196538734 6.461220373716518
619821 7.992740507762348e-7 3.07184426726058e-6 1.6133705205203532e-6 497.19206525110496 1096.646177250045 751.7046334751144 1.0579211154700618 1.4160056962219543 1.2208880094238193
1003442 1.9989856470355813e-7 2.4635426403287147e-6 9.965700031450496e-7 382.59537805141997 1055.9156160804232 630.5995816283798 1.0284421971683175 2.410054742740959 1.497247799107443
680391 1.3657420571869085e-7 4.031196909303499e-6 1.469743352531893e-6 269.45455208658683 1325.6003701249058 623.9555709873297 1.0345819444247855 2.7552798545739825 1.4065652156833999
1217860 3.3031250465581354e-8 2.873999035995977e-6 8.211127989422855e-7 293.629930259316 1058.8480513846455 571.4240477999085 1.0685921103719338 5.7931628985350905 2.2922568848837233
3309050 1.0738270725020252e-7 1.0349116105765552e-6 3.0220155868318404e-7 316.4574902607714 867.557354079366 574.0119377740266 1.9705565946165267 3.889924164631653 3.0543733328426304
498545 3.797417554424188e-7 4.137230833605183e-6 2.005839196490934e-6 310.5188335906717 820.2346143120225 515.6144983390257 1.0748492019585563 2.2317937683588855 1.3054664356271266
1332759 1.089299809299259e-7 2.5080197364848823e-6 7.503232205794997e-7 265.75414156713884 871.2274733051047 545.9191804800502 1.039822312279432 3.6997456606288655 2.0577947281154207
2099040 5.789209059397202e-8 2.2051085591483524e-6 4.7640884261393313e-7 337.4906882927047 1143.0520876529747 596.6744157547396 1.0982551521284045 4.099360402956413 2.4532466830181656
1262961 4.6289851337318355e-7 1.8891222221416868e-6 7.917902006224276e-7 348.4528757998518 644.8757357131032 494.00830666172726 1.2946906964279508 2.0550365675072984 1.8162423007430744
1354857 1.1504304982072147e-7 4.045747007886763e-6 7.380859362139685e-7 267.9393270180804 564.3858152147507 387.6616902050726 1.0588283480813327 4.830326300355233 2.8787136169403165
1179370 7.997361730894035e-8 2.7847887674234263e-6 8.479107295746188e-7 239.93016345805245 558.8658707952457 358.96688115007174 1.352361422085026 5.444157579235896 2.8642771876359006
1639646 2.54025300532689e-7 1.1309654384222752e-6 6.098878179647251e-7 269.7894059967534 813.9563459635153 461.9013431142574 1.8115276846096071 2.7427711319413177 2.171423335258841
1247813 5.7420866395931356e-8 2.5347097241812873e-6 8.014023417248543e-7 307.3191164483506 726.2537041993716 470.2008813953952 1.199188453932549 5.795448196084292 2.2048931215060272
762970 2.9943393871516857e-7 2.6073317965890984e-6 1.3106680419313655e-6 325.1875168465948 1581.757743918585 694.2622349827049 1.081808948949657 1.5836108492424301 1.232043786431911
3373567 1.6900541308979563e-8 1.8680026152681844e-6 2.964222322896507e-7 431.2452009061484 1300.8632244425346 802.9527105267963 1.325091486141661 8.690112566510761 3.1381119165019538
2255633 1.2380857613167253e-7 1.2383293907894453e-6 4.4333454433665537e-7 407.5959848674581 1376.2481528810827 682.4996620771788 1.218381115881508 3.5628740442503406 2.2401847293866837
2974140 9.843311762088863e-9 2.0658883013340908e-6 3.362319397296723e-7 317.0735341047165 917.9792127207375 575.2285430534523 1.2825647826713655 12.55457842573078 3.893352809537566
1121683 2.800897625750986e-7 2.983953619582662e-6 8.915192923535516e-7 299.8606118165977 902.2411944496015 511.71528323292483 1.137930882429237 2.7952532560693326 2.0441501200273966
400536 9.363821413094389e-7 4.584846889922714e-6 2.496656212388193e-6 220.33523201891762 421.71003769676935 320.64697941256264 1.0360885663144823 1.8491921025593534 1.2878975305443676
850897 5.756926803265084e-7 3.77141171788137e-6 1.1752304962446969e-6 328.15113325934715 840.43466634317 568.9964081514181 1.0027811753258074 1.6678685667266002 1.483979610048713
962736 1.154359898740318e-7 2.0129197779654446e-6 1.038706396764599e-6 358.96454888121207 2142.813587334951 770.6864635576478 1.012497339827286 2.240512824620975 1.3185027214561895
811469 5.891854756094873e-7 2.353970580344045e-6 1.2323337982034324e-6 259.83888136815585 642.3096721116735 423.3212978623539 1.2103062340341677 2.2858781023706802 1.6722333463727952
1217838 7.193732495448432e-8 2.9881393525378526e-6 8.211278050954102e-7 266.8315579378418 1358.0399669299354 574.6927802000818 1.1370889462645695 4.568169672135975 2.3315344785892504
1255082 2.3614769515717105e-7 2.7292173886076606e-6 7.967608892000572e-7 267.8594623383989 1269.286706153139 652.9313214017845 1.060810432891902 3.011628182704824 1.8235542124848754
588127 1.0999986052193076e-6 3.2056692193549177e-6 1.700313972155658e-6 341.44658200474174 765.7679442143469 525.8935544570944 1.007488248342065 1.3822054851987662 1.2315971133066526
690229 7.426143466757882e-7 2.728164567762846e-6 1.448796021299825e-6 279.5562595935576 593.3558483502693 412.24116977368334 1.1838774380010761 1.8881787102644167 1.4754916772821238
687199 2.2569368738953122e-7 4.000924330436391e-6 1.455185193933481e-6 274.92198801165915 619.6571690995847 422.545980907561 1.1302088602613432 3.2280230812016533 1.8074396084414104
1110910 4.54125301211063e-7 2.3047699756794563e-6 9.00164407605856e-7 297.63327345990143 741.89495818902 448.460808752537 1.350097957464775 2.2548750179098254 1.9083015827947896
4190809 9.172692710567607e-8 8.124467655318374e-7 2.386174908606792e-7 274.0634575709398 1860.753616724941 842.4605251147799 1.4471017176098084 3.424652932508049 2.7776693326205852
374442 1.7968116763923295e-6 3.66407656407847e-6 2.670641720078464e-6 252.2453255400039 452.73725161729885 345.34642093129594 1.0724589439079992 1.2003611164953016 1.1288935205729005
3392824 6.639539125864927e-8 1.3292380750621877e-6 2.9473977065483997e-7 363.0826012725978 2049.137517653436 856.8981937131906 1.2454358370311038 5.30579470686 2.7102596342423872
1252306 9.820190818385358e-8 2.8735088962305587e-6 7.98527092380833e-7 315.7294806889944 1074.1520490258283 534.7707313100177 1.169895754697121 3.9567982375784907 2.2846229846942623
764577 1.2944825581504775e-7 2.6385108441060563e-6 1.3079127437517756e-6 294.48400572403784 723.1991632302371 470.220890513692 1.0599652719519344 3.860949070175532 1.7188544280154883
1123840 6.430181843691649e-8 4.263195926894187e-6 8.898071536081248e-7 268.4997562723365 518.3592955568552 371.0822637795535 1.0830723275829985 7.028396489892528 3.7761342037863406
1156255 4.753571936552251e-7 1.8334040364534541e-6 8.64861365616814e-7 395.43689712297896 1757.530408390516 839.4183374620063 1.1217152170987295 1.640451594330335 1.3828613564806425
967798 3.887605255235877e-7 2.6708943233035927e-6 1.0332736320764428e-6 457.2109525137238 2263.6064767089356 1073.2661172778057 1.1136818290742776 1.359691202246211 1.2757370260377527
2353750 1.358587494355511e-7 1.922978440050459e-6 4.248540660165284e-7 358.08816200609425 1056.878403537207 642.8885076360242 1.3085473381057942 3.1287392126305176 2.5158149958706755
1957651 1.84395455431024e-7 1.7570745699748261e-6 5.108163518213139e-7 480.0679345702866 1901.9280115568881 996.0429558968426 1.0879633681613397 2.7598000663472075 1.690961939823584
3391067 1.0152994364703463e-7 1.590123396942492e-6 2.9489248004864453e-7 358.0734425658929 1852.0172995134506 1042.4756251774827 1.413512744943094 2.545113788110626 2.229059235213109
943109 9.9530860915088e-8 2.416277338477955e-6 1.0603234451809737e-6 271.29440038752523 831.2353895592177 545.922382852408 1.1485935673339402 3.8571769255643145 1.7843133360384469
1004024 1.581153548089895e-7 3.99281340501076e-6 9.959928313960334e-7 285.1930280063724 1505.4335812026925 739.6858792964318 1.0107238818930426 2.483375187661879 1.7656648842872935
2784986 4.041662249120559e-9 2.1138742753032613e-6 3.590683895611486e-7 309.50698264575084 1082.4134070232355 593.9300619426609 1.217282404405657 20.9277122825285 7.213150367000326
648850 4.88596773020598e-7 2.6317059265841794e-6 1.5411886274165747e-6 247.46011621760812 915.0117837498867 456.7265888021532 1.097384912090629 1.7369960126821855 1.4356668335132319
1385171 1.2180968183121388e-7 2.7922445490781e-6 7.219325744197658e-7 242.5080324884273 639.0623237711048 378.2519678717459 1.1910258867541788 4.471554032573569 2.532186125941492
839920 3.074374803289192e-7 2.476652840376705e-6 1.1905901248156625e-6 286.73819618006894 2760.1903200304123 844.8308844315775 1.0874006944507146 1.4609304527579516 1.2659924015557644
928106 2.8476886836176803e-7 3.2290143831686922e-6 1.0774636662069193e-6 288.4271046656019 904.5592448237336 511.3459119469237 1.0013472681154831 2.834751629779788 1.618278531224427
1702027 1.1964392059448873e-7 2.085045341855686e-6 5.875352466455977e-7 452.28229229101316 1504.473521809444 857.0917233796712 1.0283552916684406 2.798633056017186 1.899637195515959
725655 4.3023839041875795e-7 3.6258899029798425e-6 1.3780660407831686e-6 240.3506955476032 573.8980013285209 342.9991986050592 1.1227246536644182 2.596114402698138 1.7375197276694687
699936 7.04632615030092e-7 3.409956426096121e-6 1.4287046905488734e-6 307.53680859395513 829.2514995489403 519.4536067139646 1.0453313871063712 1.5427990037552755 1.3838872238140474
792537 3.1642242372802103e-7 3.1321227989841663e-6 1.2617710736244764e-6 243.9867105159361 748.5288760773768 453.7813191240612 1.0166568628450334 2.9567986507530675 1.8696352404818413
965064 1.8890664623523614e-7 3.2069265098042375e-6 1.0362012048345477e-6 271.49723184747785 816.2393066975661 449.4331048115673 1.2660756309553713 3.541436059497699 2.324664680039814
1578046 1.4916647805561286e-7 1.8006089673781365e-6 6.336955142055182e-7 246.24775413451175 771.3687883313567 466.39441770891113 1.2570621126614299 3.3261940046169887 2.3106850622605446
1624722 3.3243732457680536e-7 2.507927030196763e-6 6.154906949311321e-7 254.92076485851265 1867.7811372687404 556.964989959723 1.1149442719887594 2.760489733509202 2.0726544350732325
780610 4.692299366125246e-7 3.0657009135761357e-6 1.2810516057568758e-6 256.8249118426056 620.7147014779297 375.83663046028977 1.1678155323520931 2.295839242503966 1.7124788701377
1334939 5.652767564313946e-9 4.116370406446271e-6 7.490981243645392e-7 280.02793026132196 938.2664370913427 538.0880773395686 1.0901592165656482 17.39237691507761 5.4216399056806575
320604 1.9687659716291155e-6 4.8078168773730435e-6 3.119118403146978e-6 257.79489774128825 455.3973280048639 350.3036288545965 1.2201965445997358 1.4369250656435255 1.3111118152915855
1323273 1.627664184251649e-7 4.195379290067339e-6 7.557036151726098e-7 301.7766141744961 675.2178216494723 477.5724117705816 1.045126368038934 3.7617715452063636 2.8418060689105387
4366364 8.720621576286424e-9 2.649240556849442e-6 2.2902352384134532e-7 264.8661112831269 1146.6871218378508 779.1799922278312 1.1917773943165182 11.694586834048183 6.523482718504563
3875967 3.370003483016808e-8 1.2368982127900205e-6 2.5800024886299275e-7 286.68395543324147 2553.9286474086584 743.1633723379687 1.1715111264821916 5.133027444503379 3.321613448306739
1129920 3.8559661792339887e-7 2.9025713296906965e-6 8.850195446262943e-7 368.6384244853495 830.0992759035989 541.0075262076361 1.0429340771542415 2.1255937909575087 1.6920220540929072
331598 2.053368831609345e-6 5.144781613328374e-6 3.0157007837680935e-6 248.48636378522244 455.9351959084937 346.3334314572669 1.0377568112592255 1.300650389486597 1.2035288870098289
1178078 3.769643545926863e-7 1.9730735497854103e-6 8.488403403582092e-7 244.1485992078816 537.0120429674591 360.77888368135325 1.4778808935956482 2.8414212819206655 2.201603208360123
597103 1.1672915425878439e-6 2.5623727220489727e-6 1.6747554392985707e-6 260.68363157344805 516.1631551999183 358.55028667483936 1.349463323050092 1.6097961865002486 1.4852881413748968
925893 3.024157062393326e-7 2.431643675784466e-6 1.0800387968545143e-6 338.0140514593329 1150.603692550704 616.740499972639 1.1687856390363907 2.058847709362086 1.443434873485262
454592 1.2016991482125946e-6 3.6094483846896067e-6 2.1997771889886564e-6 264.9413724313533 586.4184679927572 404.52050123654084 1.0678956360478236 1.5592046366327266 1.2737255262387488
1576889 1.6383866337281783e-7 2.969353968162989e-6 6.341601493933123e-7 239.83296557475353 859.8844012196774 423.49198535161014 1.0753452790748843 4.527338809033662 3.1093387016871685
955460 1.363023862698237e-7 2.8009365540672764e-6 1.046616316232091e-6 365.30815083037334 1455.9619337470654 767.6716866175213 1.0467924576864396 2.4625623385142124 1.3842722538680168
560059 7.271946140684027e-7 4.289965123256634e-6 1.785529321279062e-6 289.20334300956426 609.433399728165 412.75576057331637 1.000129189964357 1.85623510378337 1.4694569684905878
938322 3.6084939788433875e-7 2.2221942891981536e-6 1.0657325933966287e-6 351.8116033033971 1032.732514155919 585.1356635032787 1.078826871869261 1.9152788906205138 1.4688160805063342
939435 3.7903395276405047e-7 2.8054792625294706e-6 1.0644703542019004e-6 220.0572959434125 499.4292946254372 359.8685318893284 1.274208042514559 2.7819136000716385 2.099155865695537
1827498 2.169443000864559e-7 1.6056918952133437e-6 5.47196662855766e-7 386.63622589430224 1290.8226963104796 676.0854306995295 1.3083659544989947 3.0164985977252146 2.2722749634579147
1011748 2.35342967220403e-7 3.3862713192152297e-6 9.883909357491189e-7 286.85150690877646 604.6281851809446 427.51839477520326 1.1430353407560692 3.30296716429563 2.0998795844683076
650810 1.063190824466387e-6 2.3334781530079067e-6 1.53654846100362e-6 239.3662653691419 654.3521955803307 373.41539521722495 1.2873935963616738 1.6194488420010589 1.450468316677651
715056 1.1355019409048474e-7 4.090159153672029e-6 1.39849196861853e-6 233.07037187060337 999.1148157668326 514.7561469893984 1.016314599513991 3.4534145402115533 1.7091367141481948
642928 4.204481617495735e-7 4.453719308672551e-6 1.555384652790397e-6 276.86590941822186 653.8275509477016 464.4778878496303 1.029846767415709 2.4758145704481738 1.5973488099926114
1175111 4.5275576002515715e-7 1.752597960095849e-6 8.509835498193385e-7 311.0748395570874 942.0151079335793 539.974359004563 1.4675173885571147 2.534612273306134 1.8833284294329928
728856 5.006907408566682e-7 4.005986645251727e-6 1.372015615882661e-6 276.0252114369425 943.1920727860828 479.18986853932813 1.005859822996785 1.7621586695108862 1.4501397951078183
910116 1.506308732448831e-7 4.102085633303127e-6 1.0987617909518447e-6 245.96176183225006 661.6544784755813 417.1650923196677 1.0804266060748962 3.718939349887995 2.0402461911637855
1090911 1.9377069467533264e-7 3.5149967011379626e-6 9.166674822099309e-7 250.4907427082869 927.1814092059882 515.4713674428705 1.1559579346573028 2.8165894986068496 2.0147884174728046
629136 5.97499929627543e-7 4.0741459449886e-6 1.589482071117083e-6 268.3203770056842 1027.2274853464178 501.6338315377194 1.0470421868869948 1.6235345243946397 1.3499381393204284
1875984 2.741985357930073e-7 1.1541672545856336e-6 5.330538428811235e-7 331.3891783466891 825.9920832686767 515.944364426724 1.535762665664075 2.664529981987334 2.1413741007459515
2020832 2.1376948194633315e-7 1.144854104560321e-6 4.948457610094281e-7 289.19683415782805 665.1308690595874 452.19378667057026 1.8871475942274565 2.9354031492597072 2.41474768017413
1015320 5.282731066521498e-7 2.7300141920902432e-6 9.849115227316312e-7 419.6725746671636 1058.8111535730013 679.0114880029419 1.0266232558906268 1.76223953017965 1.4126190682421669
1630184 3.66268617294171e-8 2.922660997871407e-6 6.134278567617975e-7 350.6570505972473 4128.758603186027 1472.09424475574 1.0943030556647744 3.3124723883192133 1.7039898600672891
2082352 5.416027278946383e-8 3.594544753348512e-6 4.802264571293462e-7 240.19599109823332 819.9467343741468 418.81665298934905 1.1097674983616217 7.396602589151437 3.6551110198967853
1044217 2.2491940516438783e-7 3.0630361079930004e-6 9.576567150591351e-7 317.2468048791392 1801.299625585703 551.4890420070254 1.083825322977961 2.4762907827901954 1.778126166060567
618606 2.4402060161901215e-7 4.02471541682541e-6 1.6165385469222283e-6 233.76163368608752 440.9447976688298 313.793499340242 1.131622673926121 3.5115904775277595 1.9401234289025633
844480 2.901260964365751e-7 2.575242088506682e-6 1.1841615360444773e-6 275.33170717094254 928.2051343163961 521.9057646544929 1.1773679022025556 2.177356971515831 1.5603396882791263
