45513 1.7470631963966818e-5 3.0346531452470767e-5 2.1972145660032276e-5 71.02647451055333 123.37316401250663 98.50994286129333 0.9999999999999996 1.0000000000000004 0.9999999999999999
56352 1.3938388788776287e-5 2.697535324151113e-5 1.774579292603958e-5 71.37920610741968 138.1421718123362 109.07472590493344 0.9999999999999996 1.0000000000000004 1.0
65250 1.151224300579864e-5 2.416339812887995e-5 1.5325737925148337e-5 83.83678408185824 175.96758430086237 133.02922336451635 0.9999999999999996 1.0000000000000004 1.0
51038 1.4992709252453912e-5 2.9163889402864293e-5 1.9593573395838538e-5 76.0869033395525 148.004606548209 113.89576231687225 0.9999999999999996 1.0000000000000004 1.0
64740 1.1653191952789802e-5 2.1796523573298218e-5 1.5446417141017265e-5 75.69871226761022 141.5894265788935 107.36636294952056 0.9999999999999996 1.0000000000000004 1.0
64520 1.1666076518470549e-5 2.341393220445764e-5 1.5499316386244208e-5 82.33783299827807 165.2528540020569 125.14023877628183 0.9999999999999996 1.0000000000000004 1.0
70971 1.0252002486495221e-5 2.0373886823829723e-5 1.409039504061135e-5 114.7053195772085 227.95480221895625 167.00350602615978 0.9999999999999996 1.0000000000000004 1.0
39467 1.973148943379254e-5 3.569012159274432e-5 2.5338069425196698e-5 80.80535881489196 146.1599283280517 114.45609605977832 0.9999999999999996 1.0000000000000004 1.0
29218 2.595627696096733e-5 4.8106539674625324e-5 3.4226331672579816e-5 90.78169814593626 168.2519172589607 128.38573210434728 0.9999999999999996 1.0000000000000004 1.0
72181 1.0360910728355483e-5 2.0891378589527126e-5 1.3854156434419697e-5 93.8506217297854 189.23711639108512 142.45185561856889 0.9999999999999996 1.0000000000000004 1.0
67054 1.1495754987825038e-5 2.1486553901868973e-5 1.4913499122963779e-5 82.29730131014679 153.82072795145535 119.25874531296166 0.9999999999999996 1.0000000000000004 1.0
48840 1.574008590185849e-5 2.8262898373098685e-5 2.04751077540628e-5 74.53810485618851 133.8406216846051 103.38602181542802 0.9999999999999996 1.0000000000000004 1.0
41175 1.780339802850854e-5 3.5294723123653416e-5 2.4287053432895105e-5 85.96761688455602 170.42832108129326 125.69141669596796 0.9999999999999996 1.0000000000000004 1.0
59564 1.2464692671711479e-5 2.538878079505881e-5 1.678894468931731e-5 77.91506201986094 158.7017411785129 118.51263104267693 0.9999999999999996 1.0000000000000004 1.0
29654 2.752813084012902e-5 4.473581437336443e-5 3.3723199295917506e-5 69.49215864210198 112.93132568542016 92.49980646322393 0.9999999999999996 1.0000000000000004 1.0000000000000002
48365 1.68806122335704e-5 2.69103682391183e-5 2.0676385014288006e-5 70.54437077770233 112.45889476979839 92.12152562552707 0.9999999999999996 1.0000000000000004 1.0
47224 1.627586405734812e-5 3.018644398369195e-5 2.1175774815741467e-5 70.5150602675651 130.78254458708818 100.98051858616302 0.9999999999999996 1.0000000000000004 1.0
42344 1.8258952804560585e-5 3.265269747629517e-5 2.3616435558913286e-5 75.78464443159874 135.52656028310173 105.3069697018382 0.9999999999999996 1.0000000000000004 1.0
56369 1.330789944534336e-5 2.6878341513097135e-5 1.7740446554018047e-5 98.94750919698387 199.84708743778995 150.9256897892242 0.9999999999999996 1.0000000000000004 1.0
38593 1.9904067101393785e-5 3.663050324113838e-5 2.5911605282573154e-5 76.9373558221065 141.59186901097902 109.33972164191698 0.9999999999999996 1.0000000000000004 1.0
56609 1.2689911829803962e-5 2.6987540149636825e-5 1.7665227460457964e-5 133.1003757170956 283.06356905967186 204.78737308653186 0.9999999999999996 1.0000000000000004 1.0
41307 1.946627779495921e-5 3.3083870590102574e-5 2.4209052965704476e-5 68.49129692465308 116.40423648892362 93.94339957815728 0.9999999999999996 1.0000000000000004 1.0000000000000002
66935 1.1099629499461421e-5 2.26811676841609e-5 1.4939936335752953e-5 84.37145565233037 172.40603693124206 128.88358997337713 0.9999999999999996 1.0000000000000004 1.0
20745 3.7739612185104116e-5 6.472531454257935e-5 4.820468048275507e-5 77.01849245745699 132.09055051900566 103.91433887361781 0.9999999999999996 1.0000000000000004 1.0
56688 1.3232062591833978e-5 2.6799514873637915e-5 1.764063168426163e-5 116.24685375018646 235.44018662777074 177.8299167420108 0.9999999999999996 1.0000000000000004 1.0
11681 6.860155851356475e-5 0.00010910195159668989 8.561239403875703e-5 72.79718117566306 115.77454957429572 93.09420723369108 0.9999999999999996 1.0000000000000004 1.0
212273 3.4275855372205254e-6 7.490468801766572e-6 4.710921700678373e-6 226.29868617950754 494.5414870909188 362.4378156321725 0.9999999999999996 1.0000000000000004 1.0
78139 9.596017191414448e-6 1.8975329396661233e-5 1.2797801679190025e-5 96.33918699987805 190.50276491426067 143.79006642876874 0.9999999999999996 1.0000000000000004 1.0
53025 1.4581102869071022e-5 2.6586863905233675e-5 1.885907980667657e-5 82.16526281187343 149.81834225659063 116.49893100446536 0.9999999999999996 1.0000000000000004 1.0
34940 2.1869503128277424e-5 4.1860256777887096e-5 2.8621098594628026e-5 74.78091283918899 143.13760103153345 109.95682888031318 0.9999999999999996 1.0000000000000004 1.0
56346 1.3500345573566617e-5 2.5096828758803444e-5 1.7747581141117075e-5 77.12491042047358 143.3734165776115 109.64367118395299 0.9999999999999996 1.0000000000000004 1.0000000000000002
34861 2.153599323772237e-5 3.9807982490672003e-5 2.8685418696846153e-5 70.46224155435665 130.24519682408584 98.18888135557702 0.9999999999999996 1.0000000000000004 1.0
57454 1.3208033813954193e-5 2.6760032509217365e-5 1.7405296091254037e-5 79.94763843289319 161.97728092118564 123.66058604257321 0.9999999999999996 1.0000000000000004 1.0
48062 1.5657022799574314e-5 3.0151588489738995e-5 2.080667735168442e-5 81.14055791802957 156.25682759041374 118.28089154942406 0.9999999999999996 1.0000000000000004 1.0
88824 8.379053147529592e-6 1.797699340414694e-5 1.1258241431743285e-5 101.04948997078067 216.79848339817704 162.4609187204267 0.9999999999999996 1.0000000000000004 1.0000000000000002
197537 3.7319677212594857e-6 8.42439396210002e-6 5.06235990357277e-6 241.69365613688845 545.5895467258539 405.1406799011797 0.9999999999999996 1.0000000000000004 1.0
51194 1.4870693791672286e-5 2.982094488011489e-5 1.9533918353374697e-5 78.21534165632238 156.8491305778039 120.10890670790333 0.9999999999999996 1.0000000000000004 1.0
30630 2.54262189187854e-5 4.4373809179402056e-5 3.264773795122221e-5 77.70471116075447 135.61017610999878 106.14266329586896 0.9999999999999996 1.0000000000000004 1.0
80607 9.071900262157751e-6 1.8638513998619163e-5 1.2406010410663742e-5 109.55137803796335 225.0768674834328 165.72068444779177 0.9999999999999996 1.0000000000000004 1.0
71496 1.0397298712518603e-5 2.0481060003306363e-5 1.3986804669691638e-5 97.91781029653644 192.88284423925512 144.32717724855505 0.9999999999999996 1.0000000000000004 1.0
58338 1.2846771591306539e-5 2.7576696018533706e-5 1.7141706292586863e-5 75.4084061990313 161.87060540564258 122.0347244979402 0.9999999999999996 1.0000000000000004 0.9999999999999999
45675 1.5976980908936875e-5 3.332522863670724e-5 2.189400654114744e-5 106.85548696718978 222.88212989454217 163.76069361533285 0.9999999999999996 1.0000000000000004 1.0
33357 2.3637132721420894e-5 3.969763657114711e-5 2.99787848980245e-5 69.60762290646116 116.90327034539082 92.4924129118263 0.9999999999999996 1.0000000000000004 0.9999999999999999
43359 1.8241700496953334e-5 3.195995684189068e-5 2.306370052777911e-5 68.51472347839345 120.03966438157723 95.31265485411001 0.9999999999999996 1.0000000000000004 0.9999999999999999
65092 1.1850835344186245e-5 2.1959637499939015e-5 1.5362898106453413e-5 86.35974362008571 160.02489355445292 124.18518687069403 0.9999999999999996 1.0000000000000004 0.9999999999999999
18176 4.465865399623602e-5 7.579563941725894e-5 5.5018628930278185e-5 70.35670361747648 119.41092847148201 97.32983608398176 0.9999999999999996 1.0000000000000004 1.0
34304 2.351530487034291e-5 3.9453712964914466e-5 2.915135353422222e-5 71.10085980820318 119.29221967984476 96.61660336113424 0.9999999999999996 1.0000000000000004 1.0
48024 1.6146536638762542e-5 3.219352917343447e-5 2.0823076297873676e-5 68.47046051987364 136.51879765802104 106.39071556702213 0.9999999999999996 1.0000000000000004 1.0
72419 1.0036514678757577e-5 2.0836572228268765e-5 1.380870170705589e-5 116.64617143738032 242.16637489209248 177.23083372171737 0.9999999999999996 1.0000000000000004 1.0
60011 1.25609302457265e-5 2.258578492795589e-5 1.6663643518422367e-5 76.51748133568658 137.58593853068092 104.21544720254688 0.9999999999999996 1.0000000000000004 1.0
56984 1.3538146367536474e-5 2.4810885456665873e-5 1.7548821309053423e-5 77.19308195477487 141.46905066852602 109.71937163132839 0.9999999999999996 1.0000000000000004 1.0
29681 2.5890240387721116e-5 4.4455315309610006e-5 3.369249837277094e-5 72.5596327174574 124.589857139136 96.11642597904331 0.9999999999999996 1.0000000000000004 1.0000000000000002
70369 1.0436346847436773e-5 2.114131043662981e-5 1.4210963321944002e-5 95.65740168024952 193.77688898680492 143.25411936814012 0.9999999999999996 1.0000000000000004 1.0
70712 1.0573416026432693e-5 2.206284268596158e-5 1.4142058941440192e-5 150.32011859506153 313.6629752207774 236.1798249671412 0.9999999999999996 1.0000000000000004 1.0
73185 1.0023618140368832e-5 2.0692784398986514e-5 1.3664164198487049e-5 108.1961638897164 223.36045336269473 164.97283669320626 0.9999999999999996 1.0000000000000004 1.0
80660 9.189795478555098e-6 1.8168356201695875e-5 1.2397828427277798e-5 95.33594920439798 188.48052581956068 140.6168966678535 0.9999999999999996 1.0000000000000004 0.9999999999999999
62034 1.2560381659066748e-5 2.4264978043601992e-5 1.612037130131119e-5 70.13821912811804 135.4976618829577 106.10458803379127 0.9999999999999996 1.0000000000000004 1.0000000000000002
43417 1.696528188257047e-5 3.4117991001689116e-5 2.30327770349159e-5 86.61991086250985 174.19677196229756 129.10308650303182 0.9999999999999996 1.0000000000000004 1.0
70465 1.0569451548225628e-5 2.131214317181414e-5 1.419163049350364e-5 131.8113163421412 265.7831045188524 199.35513533851295 0.9999999999999996 1.0000000000000004 1.0
25869 3.172625971144434e-5 5.0028028734916135e-5 3.865646447262494e-5 70.39452227619303 111.0026588461585 91.39640735846706 0.9999999999999996 1.0000000000000004 1.0
57739 1.353239233055107e-5 2.3699689462325398e-5 1.7319550775342616e-5 77.2152017029707 135.2293265988028 106.18796379697369 0.9999999999999996 1.0000000000000004 1.0
59257 1.2760391553469918e-5 2.4174112210394106e-5 1.687585794366944e-5 89.1477926935884 168.8873523083806 128.49281997684727 0.9999999999999996 1.0000000000000004 1.0
35084 2.303343158391863e-5 3.726271020356128e-5 2.8503383808127293e-5 69.82141016126194 112.95472684406951 91.57391219051297 0.9999999999999996 1.0000000000000004 1.0
39680 1.8830132942606235e-5 3.567766254727921e-5 2.520218630528695e-5 83.9151470871969 158.9949635250919 119.50015236669726 0.9999999999999996 1.0000000000000004 1.0
54123 1.4190072075849242e-5 2.647311172585334e-5 1.847675886968568e-5 79.4283776075696 148.18221523956666 114.43923448666317 0.9999999999999996 1.0000000000000004 1.0000000000000002
31972 2.547824336822095e-5 4.0917608824194186e-5 3.127814948799874e-5 69.4645705435182 111.55887333212117 91.16506962834366 0.9999999999999996 1.0000000000000004 1.0
56685 1.3472372046578892e-5 2.6299125895217e-5 1.764158402553807e-5 79.90798370734636 155.98664558006308 119.82220194530714 0.9999999999999996 1.0000000000000004 1.0
46695 1.6913057817136274e-5 2.859421831881088e-5 2.1415877398534382e-5 69.04487022391419 116.73135126258633 92.50157492220619 0.9999999999999996 1.0000000000000004 1.0
51835 1.5412132150681654e-5 2.686644568293848e-5 1.9292177700720266e-5 67.94655395604629 118.444507440992 94.98587319514198 0.9999999999999996 1.0000000000000004 0.9999999999999999
75058 9.880591876269855e-6 2.081317867189773e-5 1.3323084935229986e-5 127.31253826593692 268.18014945700935 200.29868483300496 0.9999999999999996 1.0000000000000004 1.0
66213 1.1515419579684435e-5 2.2150460901870522e-5 1.5102807283450324e-5 80.63654462705529 155.10825434225936 118.95328238942307 0.9999999999999996 1.0000000000000004 1.0
53224 1.391331500689816e-5 2.594952319998974e-5 1.8788565382046726e-5 79.90303020375958 149.02598949236295 110.9451210294066 0.9999999999999996 1.0000000000000004 1.0
54264 1.3547537242206788e-5 2.8622185597985668e-5 1.842852546150361e-5 122.52876620926203 258.8692708374812 191.65212185075973 0.9999999999999996 1.0000000000000004 1.0
33916 2.4239347826927735e-5 3.887498636190863e-5 2.948531441465011e-5 68.46018782322736 109.79622417914656 90.54125575521424 0.9999999999999996 1.0000000000000004 0.9999999999999999
44245 1.7391686784764936e-5 3.0689036231237266e-5 2.2601604416846877e-5 76.57540005099429 135.12347914666142 104.4869748409277 0.9999999999999996 1.0000000000000004 1.0
24432 3.286188213865527e-5 5.538463557278575e-5 4.093007863100656e-5 72.5728208531533 122.31250840964277 98.61441564767019 0.9999999999999996 1.0000000000000004 1.0
31083 2.5051038363098425e-5 4.420606823737801e-5 3.217208049657511e-5 76.0515132444156 134.20355417246154 105.01660413310343 0.9999999999999996 1.0000000000000004 1.0000000000000002
29276 2.6843472766076772e-5 4.9048201349028625e-5 3.4157742188054496e-5 73.36623710428238 134.05426343565256 105.87951709899852 0.9999999999999996 1.0000000000000004 1.0
57768 1.353452518562573e-5 2.4144124665963307e-5 1.731068914261168e-5 74.84002305929549 133.50648227144728 104.89923551683643 0.9999999999999996 1.0000000000000004 1.0
56478 1.3913255861748633e-5 2.4986334613593392e-5 1.770624997661158e-5 68.6226456639359 123.2370340678591 97.24204871370323 0.9999999999999996 1.0000000000000004 0.9999999999999999
69460 1.0519002358157334e-5 2.158268796654121e-5 1.4396940881351782e-5 124.96158678012112 256.3937951005139 188.65536434443703 0.9999999999999996 1.0000000000000004 1.0
44628 1.6866792587595924e-5 3.124754572664658e-5 2.240747960559645e-5 77.70712530607696 143.96079981878677 108.92677649866577 0.9999999999999996 1.0000000000000004 1.0
39923 1.951700505918123e-5 3.3665503930244725e-5 2.5048842087769806e-5 75.89124371067058 130.9072245288398 102.47837891065177 0.9999999999999996 1.0000000000000004 1.0
77687 9.250115179466196e-6 1.8956969112462926e-5 1.2872293659771726e-5 104.58823712203083 214.34068032477214 155.08429897531659 0.9999999999999996 1.0000000000000004 1.0
64344 1.1770376725870311e-5 2.5298696772087385e-5 1.5541618646219087e-5 78.5508262853456 168.83346911251314 128.65672262212973 0.9999999999999996 1.0000000000000004 1.0
29076 2.7626552004986825e-5 4.5865503046309085e-5 3.4392931289821375e-5 72.82402247630047 120.90218222412707 97.51807706535376 0.9999999999999996 1.0000000000000004 1.0
56492 1.2850791981909284e-5 2.6969585707513647e-5 1.7701695944244045e-5 96.83610853564618 203.227142141179 148.51950139471208 0.9999999999999996 1.0000000000000004 1.0
73996 1.0175268195403392e-5 2.0963688327047035e-5 1.351429401168015e-5 85.79097181342298 176.75162559189673 133.92390117882357 0.9999999999999996 1.0000000000000004 0.9999999999999999
48942 1.559559117145143e-5 2.732753628128177e-5 2.0432762456930603e-5 73.83707433318047 129.38177883486404 99.18054449565084 0.9999999999999996 1.0000000000000004 1.0
122975 6.07174809969672e-6 1.2887474282895983e-5 8.131740378621762e-6 148.993320507305 316.24295916641904 237.8281338028849 0.9999999999999996 1.0000000000000004 0.9999999999999999
44027 1.733092383582877e-5 3.1284935713174994e-5 2.2713489097398166e-5 81.59461065011998 147.2905987535013 113.00958416886141 0.9999999999999996 1.0000000000000004 1.0
38792 1.985204245575734e-5 3.704911310077478e-5 2.5778857043153764e-5 75.1932830398281 140.33036922874558 108.63404116894847 0.9999999999999996 1.0000000000000004 0.9999999999999999
102230 7.268623649481053e-6 1.5264562837385454e-5 9.781917782898813e-6 171.62873937500387 360.43105314415936 269.7488204612896 0.9999999999999996 1.0000000000000004 1.0
36338 2.1735440702530497e-5 3.743970209294568e-5 2.7519642873179304e-5 74.79610974805459 128.83769439063687 102.23508716971651 0.9999999999999996 1.0000000000000004 1.0
42867 1.86885296498609e-5 3.269273758500619e-5 2.3328395220972757e-5 70.46015614017765 123.25931670641276 99.1706337916092 0.9999999999999996 1.0000000000000004 0.9999999999999999
39893 1.879578708936444e-5 3.625900419454128e-5 2.5067142880742484e-5 71.02799876077121 137.02030634588127 103.22954178829336 0.9999999999999996 1.0000000000000004 1.0
74910 9.72416812725759e-6 2.0643560494567956e-5 1.3349458775028618e-5 147.50518545656283 313.14063880688775 229.71439326602214 0.9999999999999996 1.0000000000000004 1.0000000000000002
115201 6.187020595678051e-6 1.3626450628061179e-5 8.680500833305026e-6 132.23825563713402 291.24487848627604 209.0629639704247 0.9999999999999996 1.0000000000000004 1.0
55957 1.3611226076553744e-5 2.5220435813571496e-5 1.7871098663958916e-5 77.64380632399647 143.86732118783038 110.15949596957157 0.9999999999999996 1.0000000000000004 1.0
50783 1.5234889748618126e-5 2.7688200270056974e-5 1.9691650482662304e-5 76.37191927760055 138.79988833910875 107.94344321389183 0.9999999999999996 1.0000000000000004 1.0
